  1  1  1  2  1  2    2    2    2    1    1    1    0.133597D-03
  1  1  1  2  1  2    2    2    2    1    1    2    0.146179D-03
  1  1  1  2  1  2    2    2    2    1    1    3    0.152649D-03
  1  1  1  2  1  2    2    2    2    1    1    4    0.137666D-03
  1  1  1  2  1  2    2    2    2    1    1    5    0.148293D-03
  1  1  1  2  1  2    2    2    2    1    1    6    0.154892D-03
  1  1  1  2  1  2    2    2    2    1    1    7    0.141858D-03
  1  1  1  2  1  2    2    2    2    1    1    8    0.150450D-03
  1  1  1  2  1  2    2    2    2    1    1    9    0.129649D-03
  1  1  1  2  1  2    2    2    2    1    2    1    0.144661D-03
  1  1  1  2  1  2    2    2    2    1    2    2    0.158285D-03
  1  1  1  2  1  2    2    2    2    1    2    3    0.165291D-03
  1  1  1  2  1  2    2    2    2    1    2    4    0.149067D-03
  1  1  1  2  1  2    2    2    2    1    2    5    0.160575D-03
  1  1  1  2  1  2    2    2    2    1    2    6    0.167720D-03
  1  1  1  2  1  2    2    2    2    1    2    7    0.153607D-03
  1  1  1  2  1  2    2    2    2    1    2    8    0.162910D-03
  1  1  1  2  1  2    2    2    2    1    2    9    0.140386D-03
  1  1  1  2  1  2    2    2    2    1    3    1    0.151088D-03
  1  1  1  2  1  2    2    2    2    1    3    2    0.165316D-03
  1  1  1  2  1  2    2    2    2    1    3    3    0.172634D-03
  1  1  1  2  1  2    2    2    2    1    3    4    0.155689D-03
  1  1  1  2  1  2    2    2    2    1    3    5    0.167708D-03
  1  1  1  2  1  2    2    2    2    1    3    6    0.175171D-03
  1  1  1  2  1  2    2    2    2    1    3    7    0.160430D-03
  1  1  1  2  1  2    2    2    2    1    3    8    0.170147D-03
  1  1  1  2  1  2    2    2    2    1    3    9    0.146622D-03
  1  1  1  2  1  2    2    2    2    1    4    1    0.137666D-03
  1  1  1  2  1  2    2    2    2    1    4    2    0.150630D-03
  1  1  1  2  1  2    2    2    2    1    4    3    0.157298D-03
  1  1  1  2  1  2    2    2    2    1    4    4    0.141858D-03
  1  1  1  2  1  2    2    2    2    1    4    5    0.152809D-03
  1  1  1  2  1  2    2    2    2    1    4    6    0.159609D-03
  1  1  1  2  1  2    2    2    2    1    4    7    0.146179D-03
  1  1  1  2  1  2    2    2    2    1    4    8    0.155032D-03
  1  1  1  2  1  2    2    2    2    1    4    9    0.133597D-03
  1  1  1  2  1  2    2    2    2    1    5    1    0.146761D-03
  1  1  1  2  1  2    2    2    2    1    5    2    0.160583D-03
  1  1  1  2  1  2    2    2    2    1    5    3    0.167691D-03
  1  1  1  2  1  2    2    2    2    1    5    4    0.151231D-03
  1  1  1  2  1  2    2    2    2    1    5    5    0.162906D-03
  1  1  1  2  1  2    2    2    2    1    5    6    0.170155D-03
  1  1  1  2  1  2    2    2    2    1    5    7    0.155837D-03
  1  1  1  2  1  2    2    2    2    1    5    8    0.165275D-03
  1  1  1  2  1  2    2    2    2    1    5    9    0.142424D-03
  1  1  1  2  1  2    2    2    2    1    6    1    0.125817D-03
  1  1  1  2  1  2    2    2    2    1    6    2    0.137666D-03
  1  1  1  2  1  2    2    2    2    1    6    3    0.143760D-03
  1  1  1  2  1  2    2    2    2    1    6    4    0.129649D-03
  1  1  1  2  1  2    2    2    2    1    6    5    0.139657D-03
  1  1  1  2  1  2    2    2    2    1    6    6    0.145872D-03
  1  1  1  2  1  2    2    2    2    1    6    7    0.133597D-03
  1  1  1  2  1  2    2    2    2    1    6    8    0.141688D-03
  1  1  1  2  1  2    2    2    2    1    6    9    0.122099D-03
  1  1  1  2  1  2    2    2    2    1    7    1    0.141858D-03
  1  1  1  2  1  2    2    2    2    1    7    2    0.155218D-03
  1  1  1  2  1  2    2    2    2    1    7    3    0.162089D-03
  1  1  1  2  1  2    2    2    2    1    7    4    0.146179D-03
  1  1  1  2  1  2    2    2    2    1    7    5    0.157463D-03
  1  1  1  2  1  2    2    2    2    1    7    6    0.164470D-03
  1  1  1  2  1  2    2    2    2    1    7    7    0.150630D-03
  1  1  1  2  1  2    2    2    2    1    7    8    0.159753D-03
  1  1  1  2  1  2    2    2    2    1    7    9    0.137666D-03
  1  1  1  2  1  2    2    2    2    1    8    1    0.148903D-03
  1  1  1  2  1  2    2    2    2    1    8    2    0.162926D-03
  1  1  1  2  1  2    2    2    2    1    8    3    0.170138D-03
  1  1  1  2  1  2    2    2    2    1    8    4    0.153438D-03
  1  1  1  2  1  2    2    2    2    1    8    5    0.165283D-03
  1  1  1  2  1  2    2    2    2    1    8    6    0.172638D-03
  1  1  1  2  1  2    2    2    2    1    8    7    0.158111D-03
  1  1  1  2  1  2    2    2    2    1    8    8    0.167687D-03
  1  1  1  2  1  2    2    2    2    1    8    9    0.144502D-03
  1  1  1  2  1  2    2    2    2    1    9    1    0.129649D-03
  1  1  1  2  1  2    2    2    2    1    9    2    0.141858D-03
  1  1  1  2  1  2    2    2    2    1    9    3    0.148138D-03
  1  1  1  2  1  2    2    2    2    1    9    4    0.133597D-03
  1  1  1  2  1  2    2    2    2    1    9    5    0.143911D-03
  1  1  1  2  1  2    2    2    2    1    9    6    0.150315D-03
  1  1  1  2  1  2    2    2    2    1    9    7    0.137666D-03
  1  1  1  2  1  2    2    2    2    1    9    8    0.146003D-03
  1  1  1  2  1  2    2    2    2    1    9    9    0.125817D-03
  1  1  1  2  1  2    2    2    2    2    1    1    0.146179D-03
  1  1  1  2  1  2    2    2    2    2    1    2    0.159945D-03
  1  1  1  2  1  2    2    2    2    2    1    3    0.167025D-03
  1  1  1  2  1  2    2    2    2    2    1    4    0.150630D-03
  1  1  1  2  1  2    2    2    2    2    1    5    0.162259D-03
  1  1  1  2  1  2    2    2    2    2    1    6    0.169479D-03
  1  1  1  2  1  2    2    2    2    2    1    7    0.155218D-03
  1  1  1  2  1  2    2    2    2    2    1    8    0.164618D-03
  1  1  1  2  1  2    2    2    2    2    1    9    0.141858D-03
  1  1  1  2  1  2    2    2    2    2    2    1    0.158285D-03
  1  1  1  2  1  2    2    2    2    2    2    2    0.173191D-03
  1  1  1  2  1  2    2    2    2    2    2    3    0.180858D-03
  1  1  1  2  1  2    2    2    2    2    2    4    0.163105D-03
  1  1  1  2  1  2    2    2    2    2    2    5    0.175697D-03
  1  1  1  2  1  2    2    2    2    2    2    6    0.183515D-03
  1  1  1  2  1  2    2    2    2    2    2    7    0.168073D-03
  1  1  1  2  1  2    2    2    2    2    2    8    0.178252D-03
  1  1  1  2  1  2    2    2    2    2    2    9    0.153607D-03
  1  1  1  2  1  2    2    2    2    2    3    1    0.165316D-03
  1  1  1  2  1  2    2    2    2    2    3    2    0.180885D-03
  1  1  1  2  1  2    2    2    2    2    3    3    0.188892D-03
  1  1  1  2  1  2    2    2    2    2    3    4    0.170351D-03
  1  1  1  2  1  2    2    2    2    2    3    5    0.183501D-03
  1  1  1  2  1  2    2    2    2    2    3    6    0.191667D-03
  1  1  1  2  1  2    2    2    2    2    3    7    0.175539D-03
  1  1  1  2  1  2    2    2    2    2    3    8    0.186170D-03
  1  1  1  2  1  2    2    2    2    2    3    9    0.160430D-03
  1  1  1  2  1  2    2    2    2    2    4    1    0.150630D-03
  1  1  1  2  1  2    2    2    2    2    4    2    0.164816D-03
  1  1  1  2  1  2    2    2    2    2    4    3    0.172111D-03
  1  1  1  2  1  2    2    2    2    2    4    4    0.155218D-03
  1  1  1  2  1  2    2    2    2    2    4    5    0.167200D-03
  1  1  1  2  1  2    2    2    2    2    4    6    0.174641D-03
  1  1  1  2  1  2    2    2    2    2    4    7    0.159945D-03
  1  1  1  2  1  2    2    2    2    2    4    8    0.169632D-03
  1  1  1  2  1  2    2    2    2    2    4    9    0.146179D-03
  1  1  1  2  1  2    2    2    2    2    5    1    0.160583D-03
  1  1  1  2  1  2    2    2    2    2    5    2    0.175705D-03
  1  1  1  2  1  2    2    2    2    2    5    3    0.183483D-03
  1  1  1  2  1  2    2    2    2    2    5    4    0.165473D-03
  1  1  1  2  1  2    2    2    2    2    5    5    0.178247D-03
  1  1  1  2  1  2    2    2    2    2    5    6    0.186179D-03
  1  1  1  2  1  2    2    2    2    2    5    7    0.170513D-03
  1  1  1  2  1  2    2    2    2    2    5    8    0.180839D-03
  1  1  1  2  1  2    2    2    2    2    5    9    0.155837D-03
  1  1  1  2  1  2    2    2    2    2    6    1    0.137666D-03
  1  1  1  2  1  2    2    2    2    2    6    2    0.150630D-03
  1  1  1  2  1  2    2    2    2    2    6    3    0.157298D-03
  1  1  1  2  1  2    2    2    2    2    6    4    0.141858D-03
  1  1  1  2  1  2    2    2    2    2    6    5    0.152809D-03
  1  1  1  2  1  2    2    2    2    2    6    6    0.159609D-03
  1  1  1  2  1  2    2    2    2    2    6    7    0.146179D-03
  1  1  1  2  1  2    2    2    2    2    6    8    0.155032D-03
  1  1  1  2  1  2    2    2    2    2    6    9    0.133597D-03
  1  1  1  2  1  2    2    2    2    2    7    1    0.155218D-03
  1  1  1  2  1  2    2    2    2    2    7    2    0.169835D-03
  1  1  1  2  1  2    2    2    2    2    7    3    0.177353D-03
  1  1  1  2  1  2    2    2    2    2    7    4    0.159945D-03
  1  1  1  2  1  2    2    2    2    2    7    5    0.172292D-03
  1  1  1  2  1  2    2    2    2    2    7    6    0.179959D-03
  1  1  1  2  1  2    2    2    2    2    7    7    0.164816D-03
  1  1  1  2  1  2    2    2    2    2    7    8    0.174798D-03
  1  1  1  2  1  2    2    2    2    2    7    9    0.150630D-03
  1  1  1  2  1  2    2    2    2    2    8    1    0.162926D-03
  1  1  1  2  1  2    2    2    2    2    8    2    0.178270D-03
  1  1  1  2  1  2    2    2    2    2    8    3    0.186161D-03
  1  1  1  2  1  2    2    2    2    2    8    4    0.167888D-03
  1  1  1  2  1  2    2    2    2    2    8    5    0.180849D-03
  1  1  1  2  1  2    2    2    2    2    8    6    0.188896D-03
  1  1  1  2  1  2    2    2    2    2    8    7    0.173001D-03
  1  1  1  2  1  2    2    2    2    2    8    8    0.183479D-03
  1  1  1  2  1  2    2    2    2    2    8    9    0.158111D-03
  1  1  1  2  1  2    2    2    2    2    9    1    0.141858D-03
  1  1  1  2  1  2    2    2    2    2    9    2    0.155218D-03
  1  1  1  2  1  2    2    2    2    2    9    3    0.162089D-03
  1  1  1  2  1  2    2    2    2    2    9    4    0.146179D-03
  1  1  1  2  1  2    2    2    2    2    9    5    0.157463D-03
  1  1  1  2  1  2    2    2    2    2    9    6    0.164470D-03
  1  1  1  2  1  2    2    2    2    2    9    7    0.150630D-03
  1  1  1  2  1  2    2    2    2    2    9    8    0.159753D-03
  1  1  1  2  1  2    2    2    2    2    9    9    0.137666D-03
  1  1  1  2  1  2    2    2    2    3    1    1    0.152649D-03
  1  1  1  2  1  2    2    2    2    3    1    2    0.167025D-03
  1  1  1  2  1  2    2    2    2    3    1    3    0.174418D-03
  1  1  1  2  1  2    2    2    2    3    1    4    0.157298D-03
  1  1  1  2  1  2    2    2    2    3    1    5    0.169441D-03
  1  1  1  2  1  2    2    2    2    3    1    6    0.176981D-03
  1  1  1  2  1  2    2    2    2    3    1    7    0.162089D-03
  1  1  1  2  1  2    2    2    2    3    1    8    0.171905D-03
  1  1  1  2  1  2    2    2    2    3    1    9    0.148138D-03
  1  1  1  2  1  2    2    2    2    3    2    1    0.165291D-03
  1  1  1  2  1  2    2    2    2    3    2    2    0.180858D-03
  1  1  1  2  1  2    2    2    2    3    2    3    0.188863D-03
  1  1  1  2  1  2    2    2    2    3    2    4    0.170325D-03
  1  1  1  2  1  2    2    2    2    3    2    5    0.183474D-03
  1  1  1  2  1  2    2    2    2    3    2    6    0.191639D-03
  1  1  1  2  1  2    2    2    2    3    2    7    0.175512D-03
  1  1  1  2  1  2    2    2    2    3    2    8    0.186142D-03
  1  1  1  2  1  2    2    2    2    3    2    9    0.160406D-03
  1  1  1  2  1  2    2    2    2    3    3    1    0.172634D-03
  1  1  1  2  1  2    2    2    2    3    3    2    0.188892D-03
  1  1  1  2  1  2    2    2    2    3    3    3    0.197253D-03
  1  1  1  2  1  2    2    2    2    3    3    4    0.177891D-03
  1  1  1  2  1  2    2    2    2    3    3    5    0.191624D-03
  1  1  1  2  1  2    2    2    2    3    3    6    0.200152D-03
  1  1  1  2  1  2    2    2    2    3    3    7    0.183309D-03
  1  1  1  2  1  2    2    2    2    3    3    8    0.194411D-03
  1  1  1  2  1  2    2    2    2    3    3    9    0.167532D-03
  1  1  1  2  1  2    2    2    2    3    4    1    0.157298D-03
  1  1  1  2  1  2    2    2    2    3    4    2    0.172111D-03
  1  1  1  2  1  2    2    2    2    3    4    3    0.179730D-03
  1  1  1  2  1  2    2    2    2    3    4    4    0.162089D-03
  1  1  1  2  1  2    2    2    2    3    4    5    0.174601D-03
  1  1  1  2  1  2    2    2    2    3    4    6    0.182371D-03
  1  1  1  2  1  2    2    2    2    3    4    7    0.167025D-03
  1  1  1  2  1  2    2    2    2    3    4    8    0.177141D-03
  1  1  1  2  1  2    2    2    2    3    4    9    0.152649D-03
  1  1  1  2  1  2    2    2    2    3    5    1    0.167691D-03
  1  1  1  2  1  2    2    2    2    3    5    2    0.183483D-03
  1  1  1  2  1  2    2    2    2    3    5    3    0.191605D-03
  1  1  1  2  1  2    2    2    2    3    5    4    0.172798D-03
  1  1  1  2  1  2    2    2    2    3    5    5    0.186138D-03
  1  1  1  2  1  2    2    2    2    3    5    6    0.194421D-03
  1  1  1  2  1  2    2    2    2    3    5    7    0.178060D-03
  1  1  1  2  1  2    2    2    2    3    5    8    0.188844D-03
  1  1  1  2  1  2    2    2    2    3    5    9    0.162735D-03
  1  1  1  2  1  2    2    2    2    3    6    1    0.143760D-03
  1  1  1  2  1  2    2    2    2    3    6    2    0.157298D-03
  1  1  1  2  1  2    2    2    2    3    6    3    0.164261D-03
  1  1  1  2  1  2    2    2    2    3    6    4    0.148138D-03
  1  1  1  2  1  2    2    2    2    3    6    5    0.159574D-03
  1  1  1  2  1  2    2    2    2    3    6    6    0.166675D-03
  1  1  1  2  1  2    2    2    2    3    6    7    0.152649D-03
  1  1  1  2  1  2    2    2    2    3    6    8    0.161894D-03
  1  1  1  2  1  2    2    2    2    3    6    9    0.139511D-03
  1  1  1  2  1  2    2    2    2    3    7    1    0.162089D-03
  1  1  1  2  1  2    2    2    2    3    7    2    0.177353D-03
  1  1  1  2  1  2    2    2    2    3    7    3    0.185204D-03
  1  1  1  2  1  2    2    2    2    3    7    4    0.167025D-03
  1  1  1  2  1  2    2    2    2    3    7    5    0.179919D-03
  1  1  1  2  1  2    2    2    2    3    7    6    0.187925D-03
  1  1  1  2  1  2    2    2    2    3    7    7    0.172111D-03
  1  1  1  2  1  2    2    2    2    3    7    8    0.182535D-03
  1  1  1  2  1  2    2    2    2    3    7    9    0.157298D-03
  1  1  1  2  1  2    2    2    2    3    8    1    0.170138D-03
  1  1  1  2  1  2    2    2    2    3    8    2    0.186161D-03
  1  1  1  2  1  2    2    2    2    3    8    3    0.194401D-03
  1  1  1  2  1  2    2    2    2    3    8    4    0.175320D-03
  1  1  1  2  1  2    2    2    2    3    8    5    0.188854D-03
  1  1  1  2  1  2    2    2    2    3    8    6    0.197258D-03
  1  1  1  2  1  2    2    2    2    3    8    7    0.180659D-03
  1  1  1  2  1  2    2    2    2    3    8    8    0.191600D-03
  1  1  1  2  1  2    2    2    2    3    8    9    0.165110D-03
  1  1  1  2  1  2    2    2    2    3    9    1    0.148138D-03
  1  1  1  2  1  2    2    2    2    3    9    2    0.162089D-03
  1  1  1  2  1  2    2    2    2    3    9    3    0.169263D-03
  1  1  1  2  1  2    2    2    2    3    9    4    0.152649D-03
  1  1  1  2  1  2    2    2    2    3    9    5    0.164433D-03
  1  1  1  2  1  2    2    2    2    3    9    6    0.171751D-03
  1  1  1  2  1  2    2    2    2    3    9    7    0.157298D-03
  1  1  1  2  1  2    2    2    2    3    9    8    0.166825D-03
  1  1  1  2  1  2    2    2    2    3    9    9    0.143760D-03
  1  1  1  2  1  2    2    2    2    4    1    1    0.137666D-03
  1  1  1  2  1  2    2    2    2    4    1    2    0.150630D-03
  1  1  1  2  1  2    2    2    2    4    1    3    0.157298D-03
  1  1  1  2  1  2    2    2    2    4    1    4    0.141858D-03
  1  1  1  2  1  2    2    2    2    4    1    5    0.152809D-03
  1  1  1  2  1  2    2    2    2    4    1    6    0.159609D-03
  1  1  1  2  1  2    2    2    2    4    1    7    0.146179D-03
  1  1  1  2  1  2    2    2    2    4    1    8    0.155032D-03
  1  1  1  2  1  2    2    2    2    4    1    9    0.133597D-03
  1  1  1  2  1  2    2    2    2    4    2    1    0.149067D-03
  1  1  1  2  1  2    2    2    2    4    2    2    0.163105D-03
  1  1  1  2  1  2    2    2    2    4    2    3    0.170325D-03
  1  1  1  2  1  2    2    2    2    4    2    4    0.153607D-03
  1  1  1  2  1  2    2    2    2    4    2    5    0.165465D-03
  1  1  1  2  1  2    2    2    2    4    2    6    0.172828D-03
  1  1  1  2  1  2    2    2    2    4    2    7    0.158285D-03
  1  1  1  2  1  2    2    2    2    4    2    8    0.167871D-03
  1  1  1  2  1  2    2    2    2    4    2    9    0.144661D-03
  1  1  1  2  1  2    2    2    2    4    3    1    0.155689D-03
  1  1  1  2  1  2    2    2    2    4    3    2    0.170351D-03
  1  1  1  2  1  2    2    2    2    4    3    3    0.177891D-03
  1  1  1  2  1  2    2    2    2    4    3    4    0.160430D-03
  1  1  1  2  1  2    2    2    2    4    3    5    0.172815D-03
  1  1  1  2  1  2    2    2    2    4    3    6    0.180505D-03
  1  1  1  2  1  2    2    2    2    4    3    7    0.165316D-03
  1  1  1  2  1  2    2    2    2    4    3    8    0.175328D-03
  1  1  1  2  1  2    2    2    2    4    3    9    0.151088D-03
  1  1  1  2  1  2    2    2    2    4    4    1    0.141858D-03
  1  1  1  2  1  2    2    2    2    4    4    2    0.155218D-03
  1  1  1  2  1  2    2    2    2    4    4    3    0.162089D-03
  1  1  1  2  1  2    2    2    2    4    4    4    0.146179D-03
  1  1  1  2  1  2    2    2    2    4    4    5    0.157463D-03
  1  1  1  2  1  2    2    2    2    4    4    6    0.164470D-03
  1  1  1  2  1  2    2    2    2    4    4    7    0.150630D-03
  1  1  1  2  1  2    2    2    2    4    4    8    0.159753D-03
  1  1  1  2  1  2    2    2    2    4    4    9    0.137666D-03
  1  1  1  2  1  2    2    2    2    4    5    1    0.151231D-03
  1  1  1  2  1  2    2    2    2    4    5    2    0.165473D-03
  1  1  1  2  1  2    2    2    2    4    5    3    0.172798D-03
  1  1  1  2  1  2    2    2    2    4    5    4    0.155837D-03
  1  1  1  2  1  2    2    2    2    4    5    5    0.167867D-03
  1  1  1  2  1  2    2    2    2    4    5    6    0.175337D-03
  1  1  1  2  1  2    2    2    2    4    5    7    0.160583D-03
  1  1  1  2  1  2    2    2    2    4    5    8    0.170308D-03
  1  1  1  2  1  2    2    2    2    4    5    9    0.146761D-03
  1  1  1  2  1  2    2    2    2    4    6    1    0.129649D-03
  1  1  1  2  1  2    2    2    2    4    6    2    0.141858D-03
  1  1  1  2  1  2    2    2    2    4    6    3    0.148138D-03
  1  1  1  2  1  2    2    2    2    4    6    4    0.133597D-03
  1  1  1  2  1  2    2    2    2    4    6    5    0.143911D-03
  1  1  1  2  1  2    2    2    2    4    6    6    0.150315D-03
  1  1  1  2  1  2    2    2    2    4    6    7    0.137666D-03
  1  1  1  2  1  2    2    2    2    4    6    8    0.146003D-03
  1  1  1  2  1  2    2    2    2    4    6    9    0.125817D-03
  1  1  1  2  1  2    2    2    2    4    7    1    0.146179D-03
  1  1  1  2  1  2    2    2    2    4    7    2    0.159945D-03
  1  1  1  2  1  2    2    2    2    4    7    3    0.167025D-03
  1  1  1  2  1  2    2    2    2    4    7    4    0.150630D-03
  1  1  1  2  1  2    2    2    2    4    7    5    0.162259D-03
  1  1  1  2  1  2    2    2    2    4    7    6    0.169479D-03
  1  1  1  2  1  2    2    2    2    4    7    7    0.155218D-03
  1  1  1  2  1  2    2    2    2    4    7    8    0.164618D-03
  1  1  1  2  1  2    2    2    2    4    7    9    0.141858D-03
  1  1  1  2  1  2    2    2    2    4    8    1    0.153438D-03
  1  1  1  2  1  2    2    2    2    4    8    2    0.167888D-03
  1  1  1  2  1  2    2    2    2    4    8    3    0.175320D-03
  1  1  1  2  1  2    2    2    2    4    8    4    0.158111D-03
  1  1  1  2  1  2    2    2    2    4    8    5    0.170317D-03
  1  1  1  2  1  2    2    2    2    4    8    6    0.177896D-03
  1  1  1  2  1  2    2    2    2    4    8    7    0.162926D-03
  1  1  1  2  1  2    2    2    2    4    8    8    0.172794D-03
  1  1  1  2  1  2    2    2    2    4    8    9    0.148903D-03
  1  1  1  2  1  2    2    2    2    4    9    1    0.133597D-03
  1  1  1  2  1  2    2    2    2    4    9    2    0.146179D-03
  1  1  1  2  1  2    2    2    2    4    9    3    0.152649D-03
  1  1  1  2  1  2    2    2    2    4    9    4    0.137666D-03
  1  1  1  2  1  2    2    2    2    4    9    5    0.148293D-03
  1  1  1  2  1  2    2    2    2    4    9    6    0.154892D-03
  1  1  1  2  1  2    2    2    2    4    9    7    0.141858D-03
  1  1  1  2  1  2    2    2    2    4    9    8    0.150450D-03
  1  1  1  2  1  2    2    2    2    4    9    9    0.129649D-03
  1  1  1  2  1  2    2    2    2    5    1    1    0.148293D-03
  1  1  1  2  1  2    2    2    2    5    1    2    0.162259D-03
  1  1  1  2  1  2    2    2    2    5    1    3    0.169441D-03
  1  1  1  2  1  2    2    2    2    5    1    4    0.152809D-03
  1  1  1  2  1  2    2    2    2    5    1    5    0.164606D-03
  1  1  1  2  1  2    2    2    2    5    1    6    0.171931D-03
  1  1  1  2  1  2    2    2    2    5    1    7    0.157463D-03
  1  1  1  2  1  2    2    2    2    5    1    8    0.167000D-03
  1  1  1  2  1  2    2    2    2    5    1    9    0.143911D-03
  1  1  1  2  1  2    2    2    2    5    2    1    0.160575D-03
  1  1  1  2  1  2    2    2    2    5    2    2    0.175697D-03
  1  1  1  2  1  2    2    2    2    5    2    3    0.183474D-03
  1  1  1  2  1  2    2    2    2    5    2    4    0.165465D-03
  1  1  1  2  1  2    2    2    2    5    2    5    0.178238D-03
  1  1  1  2  1  2    2    2    2    5    2    6    0.186170D-03
  1  1  1  2  1  2    2    2    2    5    2    7    0.170504D-03
  1  1  1  2  1  2    2    2    2    5    2    8    0.180830D-03
  1  1  1  2  1  2    2    2    2    5    2    9    0.155829D-03
  1  1  1  2  1  2    2    2    2    5    3    1    0.167708D-03
  1  1  1  2  1  2    2    2    2    5    3    2    0.183501D-03
  1  1  1  2  1  2    2    2    2    5    3    3    0.191624D-03
  1  1  1  2  1  2    2    2    2    5    3    4    0.172815D-03
  1  1  1  2  1  2    2    2    2    5    3    5    0.186156D-03
  1  1  1  2  1  2    2    2    2    5    3    6    0.194440D-03
  1  1  1  2  1  2    2    2    2    5    3    7    0.178078D-03
  1  1  1  2  1  2    2    2    2    5    3    8    0.188863D-03
  1  1  1  2  1  2    2    2    2    5    3    9    0.162751D-03
  1  1  1  2  1  2    2    2    2    5    4    1    0.152809D-03
  1  1  1  2  1  2    2    2    2    5    4    2    0.167200D-03
  1  1  1  2  1  2    2    2    2    5    4    3    0.174601D-03
  1  1  1  2  1  2    2    2    2    5    4    4    0.157463D-03
  1  1  1  2  1  2    2    2    2    5    4    5    0.169619D-03
  1  1  1  2  1  2    2    2    2    5    4    6    0.177167D-03
  1  1  1  2  1  2    2    2    2    5    4    7    0.162259D-03
  1  1  1  2  1  2    2    2    2    5    4    8    0.172086D-03
  1  1  1  2  1  2    2    2    2    5    4    9    0.148293D-03
  1  1  1  2  1  2    2    2    2    5    5    1    0.162906D-03
  1  1  1  2  1  2    2    2    2    5    5    2    0.178247D-03
  1  1  1  2  1  2    2    2    2    5    5    3    0.186138D-03
  1  1  1  2  1  2    2    2    2    5    5    4    0.167867D-03
  1  1  1  2  1  2    2    2    2    5    5    5    0.180826D-03
  1  1  1  2  1  2    2    2    2    5    5    6    0.188873D-03
  1  1  1  2  1  2    2    2    2    5    5    7    0.172979D-03
  1  1  1  2  1  2    2    2    2    5    5    8    0.183456D-03
  1  1  1  2  1  2    2    2    2    5    5    9    0.158091D-03
  1  1  1  2  1  2    2    2    2    5    6    1    0.139657D-03
  1  1  1  2  1  2    2    2    2    5    6    2    0.152809D-03
  1  1  1  2  1  2    2    2    2    5    6    3    0.159574D-03
  1  1  1  2  1  2    2    2    2    5    6    4    0.143911D-03
  1  1  1  2  1  2    2    2    2    5    6    5    0.155020D-03
  1  1  1  2  1  2    2    2    2    5    6    6    0.161919D-03
  1  1  1  2  1  2    2    2    2    5    6    7    0.148293D-03
  1  1  1  2  1  2    2    2    2    5    6    8    0.157275D-03
  1  1  1  2  1  2    2    2    2    5    6    9    0.135530D-03
  1  1  1  2  1  2    2    2    2    5    7    1    0.157463D-03
  1  1  1  2  1  2    2    2    2    5    7    2    0.172292D-03
  1  1  1  2  1  2    2    2    2    5    7    3    0.179919D-03
  1  1  1  2  1  2    2    2    2    5    7    4    0.162259D-03
  1  1  1  2  1  2    2    2    2    5    7    5    0.174785D-03
  1  1  1  2  1  2    2    2    2    5    7    6    0.182563D-03
  1  1  1  2  1  2    2    2    2    5    7    7    0.167200D-03
  1  1  1  2  1  2    2    2    2    5    7    8    0.177327D-03
  1  1  1  2  1  2    2    2    2    5    7    9    0.152809D-03
  1  1  1  2  1  2    2    2    2    5    8    1    0.165283D-03
  1  1  1  2  1  2    2    2    2    5    8    2    0.180849D-03
  1  1  1  2  1  2    2    2    2    5    8    3    0.188854D-03
  1  1  1  2  1  2    2    2    2    5    8    4    0.170317D-03
  1  1  1  2  1  2    2    2    2    5    8    5    0.183465D-03
  1  1  1  2  1  2    2    2    2    5    8    6    0.191629D-03
  1  1  1  2  1  2    2    2    2    5    8    7    0.175504D-03
  1  1  1  2  1  2    2    2    2    5    8    8    0.186133D-03
  1  1  1  2  1  2    2    2    2    5    8    9    0.160398D-03
  1  1  1  2  1  2    2    2    2    5    9    1    0.143911D-03
  1  1  1  2  1  2    2    2    2    5    9    2    0.157463D-03
  1  1  1  2  1  2    2    2    2    5    9    3    0.164433D-03
  1  1  1  2  1  2    2    2    2    5    9    4    0.148293D-03
  1  1  1  2  1  2    2    2    2    5    9    5    0.159741D-03
  1  1  1  2  1  2    2    2    2    5    9    6    0.166850D-03
  1  1  1  2  1  2    2    2    2    5    9    7    0.152809D-03
  1  1  1  2  1  2    2    2    2    5    9    8    0.162064D-03
  1  1  1  2  1  2    2    2    2    5    9    9    0.139657D-03
  1  1  1  2  1  2    2    2    2    6    1    1    0.154892D-03
  1  1  1  2  1  2    2    2    2    6    1    2    0.169479D-03
  1  1  1  2  1  2    2    2    2    6    1    3    0.176981D-03
  1  1  1  2  1  2    2    2    2    6    1    4    0.159609D-03
  1  1  1  2  1  2    2    2    2    6    1    5    0.171931D-03
  1  1  1  2  1  2    2    2    2    6    1    6    0.179582D-03
  1  1  1  2  1  2    2    2    2    6    1    7    0.164470D-03
  1  1  1  2  1  2    2    2    2    6    1    8    0.174431D-03
  1  1  1  2  1  2    2    2    2    6    1    9    0.150315D-03
  1  1  1  2  1  2    2    2    2    6    2    1    0.167720D-03
  1  1  1  2  1  2    2    2    2    6    2    2    0.183515D-03
  1  1  1  2  1  2    2    2    2    6    2    3    0.191639D-03
  1  1  1  2  1  2    2    2    2    6    2    4    0.172828D-03
  1  1  1  2  1  2    2    2    2    6    2    5    0.186170D-03
  1  1  1  2  1  2    2    2    2    6    2    6    0.194455D-03
  1  1  1  2  1  2    2    2    2    6    2    7    0.178091D-03
  1  1  1  2  1  2    2    2    2    6    2    8    0.188877D-03
  1  1  1  2  1  2    2    2    2    6    2    9    0.162763D-03
  1  1  1  2  1  2    2    2    2    6    3    1    0.175171D-03
  1  1  1  2  1  2    2    2    2    6    3    2    0.191667D-03
  1  1  1  2  1  2    2    2    2    6    3    3    0.200152D-03
  1  1  1  2  1  2    2    2    2    6    3    4    0.180505D-03
  1  1  1  2  1  2    2    2    2    6    3    5    0.194440D-03
  1  1  1  2  1  2    2    2    2    6    3    6    0.203093D-03
  1  1  1  2  1  2    2    2    2    6    3    7    0.186003D-03
  1  1  1  2  1  2    2    2    2    6    3    8    0.197268D-03
  1  1  1  2  1  2    2    2    2    6    3    9    0.169994D-03
  1  1  1  2  1  2    2    2    2    6    4    1    0.159609D-03
  1  1  1  2  1  2    2    2    2    6    4    2    0.174641D-03
  1  1  1  2  1  2    2    2    2    6    4    3    0.182371D-03
  1  1  1  2  1  2    2    2    2    6    4    4    0.164470D-03
  1  1  1  2  1  2    2    2    2    6    4    5    0.177167D-03
  1  1  1  2  1  2    2    2    2    6    4    6    0.185051D-03
  1  1  1  2  1  2    2    2    2    6    4    7    0.169479D-03
  1  1  1  2  1  2    2    2    2    6    4    8    0.179744D-03
  1  1  1  2  1  2    2    2    2    6    4    9    0.154892D-03
  1  1  1  2  1  2    2    2    2    6    5    1    0.170155D-03
  1  1  1  2  1  2    2    2    2    6    5    2    0.186179D-03
  1  1  1  2  1  2    2    2    2    6    5    3    0.194421D-03
  1  1  1  2  1  2    2    2    2    6    5    4    0.175337D-03
  1  1  1  2  1  2    2    2    2    6    5    5    0.188873D-03
  1  1  1  2  1  2    2    2    2    6    5    6    0.197278D-03
  1  1  1  2  1  2    2    2    2    6    5    7    0.180677D-03
  1  1  1  2  1  2    2    2    2    6    5    8    0.191619D-03
  1  1  1  2  1  2    2    2    2    6    5    9    0.165126D-03
  1  1  1  2  1  2    2    2    2    6    6    1    0.145872D-03
  1  1  1  2  1  2    2    2    2    6    6    2    0.159609D-03
  1  1  1  2  1  2    2    2    2    6    6    3    0.166675D-03
  1  1  1  2  1  2    2    2    2    6    6    4    0.150315D-03
  1  1  1  2  1  2    2    2    2    6    6    5    0.161919D-03
  1  1  1  2  1  2    2    2    2    6    6    6    0.169124D-03
  1  1  1  2  1  2    2    2    2    6    6    7    0.154892D-03
  1  1  1  2  1  2    2    2    2    6    6    8    0.164273D-03
  1  1  1  2  1  2    2    2    2    6    6    9    0.141561D-03
  1  1  1  2  1  2    2    2    2    6    7    1    0.164470D-03
  1  1  1  2  1  2    2    2    2    6    7    2    0.179959D-03
  1  1  1  2  1  2    2    2    2    6    7    3    0.187925D-03
  1  1  1  2  1  2    2    2    2    6    7    4    0.169479D-03
  1  1  1  2  1  2    2    2    2    6    7    5    0.182563D-03
  1  1  1  2  1  2    2    2    2    6    7    6    0.190687D-03
  1  1  1  2  1  2    2    2    2    6    7    7    0.174641D-03
  1  1  1  2  1  2    2    2    2    6    7    8    0.185218D-03
  1  1  1  2  1  2    2    2    2    6    7    9    0.159609D-03
  1  1  1  2  1  2    2    2    2    6    8    1    0.172638D-03
  1  1  1  2  1  2    2    2    2    6    8    2    0.188896D-03
  1  1  1  2  1  2    2    2    2    6    8    3    0.197258D-03
  1  1  1  2  1  2    2    2    2    6    8    4    0.177896D-03
  1  1  1  2  1  2    2    2    2    6    8    5    0.191629D-03
  1  1  1  2  1  2    2    2    2    6    8    6    0.200157D-03
  1  1  1  2  1  2    2    2    2    6    8    7    0.183314D-03
  1  1  1  2  1  2    2    2    2    6    8    8    0.194416D-03
  1  1  1  2  1  2    2    2    2    6    8    9    0.167536D-03
  1  1  1  2  1  2    2    2    2    6    9    1    0.150315D-03
  1  1  1  2  1  2    2    2    2    6    9    2    0.164470D-03
  1  1  1  2  1  2    2    2    2    6    9    3    0.171751D-03
  1  1  1  2  1  2    2    2    2    6    9    4    0.154892D-03
  1  1  1  2  1  2    2    2    2    6    9    5    0.166850D-03
  1  1  1  2  1  2    2    2    2    6    9    6    0.174275D-03
  1  1  1  2  1  2    2    2    2    6    9    7    0.159609D-03
  1  1  1  2  1  2    2    2    2    6    9    8    0.169276D-03
  1  1  1  2  1  2    2    2    2    6    9    9    0.145872D-03
  1  1  1  2  1  2    2    2    2    7    1    1    0.141858D-03
  1  1  1  2  1  2    2    2    2    7    1    2    0.155218D-03
  1  1  1  2  1  2    2    2    2    7    1    3    0.162089D-03
  1  1  1  2  1  2    2    2    2    7    1    4    0.146179D-03
  1  1  1  2  1  2    2    2    2    7    1    5    0.157463D-03
  1  1  1  2  1  2    2    2    2    7    1    6    0.164470D-03
  1  1  1  2  1  2    2    2    2    7    1    7    0.150630D-03
  1  1  1  2  1  2    2    2    2    7    1    8    0.159753D-03
  1  1  1  2  1  2    2    2    2    7    1    9    0.137666D-03
  1  1  1  2  1  2    2    2    2    7    2    1    0.153607D-03
  1  1  1  2  1  2    2    2    2    7    2    2    0.168073D-03
  1  1  1  2  1  2    2    2    2    7    2    3    0.175512D-03
  1  1  1  2  1  2    2    2    2    7    2    4    0.158285D-03
  1  1  1  2  1  2    2    2    2    7    2    5    0.170504D-03
  1  1  1  2  1  2    2    2    2    7    2    6    0.178091D-03
  1  1  1  2  1  2    2    2    2    7    2    7    0.163105D-03
  1  1  1  2  1  2    2    2    2    7    2    8    0.172984D-03
  1  1  1  2  1  2    2    2    2    7    2    9    0.149067D-03
  1  1  1  2  1  2    2    2    2    7    3    1    0.160430D-03
  1  1  1  2  1  2    2    2    2    7    3    2    0.175539D-03
  1  1  1  2  1  2    2    2    2    7    3    3    0.183309D-03
  1  1  1  2  1  2    2    2    2    7    3    4    0.165316D-03
  1  1  1  2  1  2    2    2    2    7    3    5    0.178078D-03
  1  1  1  2  1  2    2    2    2    7    3    6    0.186003D-03
  1  1  1  2  1  2    2    2    2    7    3    7    0.170351D-03
  1  1  1  2  1  2    2    2    2    7    3    8    0.180668D-03
  1  1  1  2  1  2    2    2    2    7    3    9    0.155689D-03
  1  1  1  2  1  2    2    2    2    7    4    1    0.146179D-03
  1  1  1  2  1  2    2    2    2    7    4    2    0.159945D-03
  1  1  1  2  1  2    2    2    2    7    4    3    0.167025D-03
  1  1  1  2  1  2    2    2    2    7    4    4    0.150630D-03
  1  1  1  2  1  2    2    2    2    7    4    5    0.162259D-03
  1  1  1  2  1  2    2    2    2    7    4    6    0.169479D-03
  1  1  1  2  1  2    2    2    2    7    4    7    0.155218D-03
  1  1  1  2  1  2    2    2    2    7    4    8    0.164618D-03
  1  1  1  2  1  2    2    2    2    7    4    9    0.141858D-03
  1  1  1  2  1  2    2    2    2    7    5    1    0.155837D-03
  1  1  1  2  1  2    2    2    2    7    5    2    0.170513D-03
  1  1  1  2  1  2    2    2    2    7    5    3    0.178060D-03
  1  1  1  2  1  2    2    2    2    7    5    4    0.160583D-03
  1  1  1  2  1  2    2    2    2    7    5    5    0.172979D-03
  1  1  1  2  1  2    2    2    2    7    5    6    0.180677D-03
  1  1  1  2  1  2    2    2    2    7    5    7    0.165473D-03
  1  1  1  2  1  2    2    2    2    7    5    8    0.175495D-03
  1  1  1  2  1  2    2    2    2    7    5    9    0.151231D-03
  1  1  1  2  1  2    2    2    2    7    6    1    0.133597D-03
  1  1  1  2  1  2    2    2    2    7    6    2    0.146179D-03
  1  1  1  2  1  2    2    2    2    7    6    3    0.152649D-03
  1  1  1  2  1  2    2    2    2    7    6    4    0.137666D-03
  1  1  1  2  1  2    2    2    2    7    6    5    0.148293D-03
  1  1  1  2  1  2    2    2    2    7    6    6    0.154892D-03
  1  1  1  2  1  2    2    2    2    7    6    7    0.141858D-03
  1  1  1  2  1  2    2    2    2    7    6    8    0.150450D-03
  1  1  1  2  1  2    2    2    2    7    6    9    0.129649D-03
  1  1  1  2  1  2    2    2    2    7    7    1    0.150630D-03
  1  1  1  2  1  2    2    2    2    7    7    2    0.164816D-03
  1  1  1  2  1  2    2    2    2    7    7    3    0.172111D-03
  1  1  1  2  1  2    2    2    2    7    7    4    0.155218D-03
  1  1  1  2  1  2    2    2    2    7    7    5    0.167200D-03
  1  1  1  2  1  2    2    2    2    7    7    6    0.174641D-03
  1  1  1  2  1  2    2    2    2    7    7    7    0.159945D-03
  1  1  1  2  1  2    2    2    2    7    7    8    0.169632D-03
  1  1  1  2  1  2    2    2    2    7    7    9    0.146179D-03
  1  1  1  2  1  2    2    2    2    7    8    1    0.158111D-03
  1  1  1  2  1  2    2    2    2    7    8    2    0.173001D-03
  1  1  1  2  1  2    2    2    2    7    8    3    0.180659D-03
  1  1  1  2  1  2    2    2    2    7    8    4    0.162926D-03
  1  1  1  2  1  2    2    2    2    7    8    5    0.175504D-03
  1  1  1  2  1  2    2    2    2    7    8    6    0.183314D-03
  1  1  1  2  1  2    2    2    2    7    8    7    0.167888D-03
  1  1  1  2  1  2    2    2    2    7    8    8    0.178056D-03
  1  1  1  2  1  2    2    2    2    7    8    9    0.153438D-03
  1  1  1  2  1  2    2    2    2    7    9    1    0.137666D-03
  1  1  1  2  1  2    2    2    2    7    9    2    0.150630D-03
  1  1  1  2  1  2    2    2    2    7    9    3    0.157298D-03
  1  1  1  2  1  2    2    2    2    7    9    4    0.141858D-03
  1  1  1  2  1  2    2    2    2    7    9    5    0.152809D-03
  1  1  1  2  1  2    2    2    2    7    9    6    0.159609D-03
  1  1  1  2  1  2    2    2    2    7    9    7    0.146179D-03
  1  1  1  2  1  2    2    2    2    7    9    8    0.155032D-03
  1  1  1  2  1  2    2    2    2    7    9    9    0.133597D-03
  1  1  1  2  1  2    2    2    2    8    1    1    0.150450D-03
  1  1  1  2  1  2    2    2    2    8    1    2    0.164618D-03
  1  1  1  2  1  2    2    2    2    8    1    3    0.171905D-03
  1  1  1  2  1  2    2    2    2    8    1    4    0.155032D-03
  1  1  1  2  1  2    2    2    2    8    1    5    0.167000D-03
  1  1  1  2  1  2    2    2    2    8    1    6    0.174431D-03
  1  1  1  2  1  2    2    2    2    8    1    7    0.159753D-03
  1  1  1  2  1  2    2    2    2    8    1    8    0.169428D-03
  1  1  1  2  1  2    2    2    2    8    1    9    0.146003D-03
  1  1  1  2  1  2    2    2    2    8    2    1    0.162910D-03
  1  1  1  2  1  2    2    2    2    8    2    2    0.178252D-03
  1  1  1  2  1  2    2    2    2    8    2    3    0.186142D-03
  1  1  1  2  1  2    2    2    2    8    2    4    0.167871D-03
  1  1  1  2  1  2    2    2    2    8    2    5    0.180830D-03
  1  1  1  2  1  2    2    2    2    8    2    6    0.188877D-03
  1  1  1  2  1  2    2    2    2    8    2    7    0.172984D-03
  1  1  1  2  1  2    2    2    2    8    2    8    0.183460D-03
  1  1  1  2  1  2    2    2    2    8    2    9    0.158095D-03
  1  1  1  2  1  2    2    2    2    8    3    1    0.170147D-03
  1  1  1  2  1  2    2    2    2    8    3    2    0.186170D-03
  1  1  1  2  1  2    2    2    2    8    3    3    0.194411D-03
  1  1  1  2  1  2    2    2    2    8    3    4    0.175328D-03
  1  1  1  2  1  2    2    2    2    8    3    5    0.188863D-03
  1  1  1  2  1  2    2    2    2    8    3    6    0.197268D-03
  1  1  1  2  1  2    2    2    2    8    3    7    0.180668D-03
  1  1  1  2  1  2    2    2    2    8    3    8    0.191610D-03
  1  1  1  2  1  2    2    2    2    8    3    9    0.165118D-03
  1  1  1  2  1  2    2    2    2    8    4    1    0.155032D-03
  1  1  1  2  1  2    2    2    2    8    4    2    0.169632D-03
  1  1  1  2  1  2    2    2    2    8    4    3    0.177141D-03
  1  1  1  2  1  2    2    2    2    8    4    4    0.159753D-03
  1  1  1  2  1  2    2    2    2    8    4    5    0.172086D-03
  1  1  1  2  1  2    2    2    2    8    4    6    0.179744D-03
  1  1  1  2  1  2    2    2    2    8    4    7    0.164618D-03
  1  1  1  2  1  2    2    2    2    8    4    8    0.174588D-03
  1  1  1  2  1  2    2    2    2    8    4    9    0.150450D-03
  1  1  1  2  1  2    2    2    2    8    5    1    0.165275D-03
  1  1  1  2  1  2    2    2    2    8    5    2    0.180839D-03
  1  1  1  2  1  2    2    2    2    8    5    3    0.188844D-03
  1  1  1  2  1  2    2    2    2    8    5    4    0.170308D-03
  1  1  1  2  1  2    2    2    2    8    5    5    0.183456D-03
  1  1  1  2  1  2    2    2    2    8    5    6    0.191619D-03
  1  1  1  2  1  2    2    2    2    8    5    7    0.175495D-03
  1  1  1  2  1  2    2    2    2    8    5    8    0.186124D-03
  1  1  1  2  1  2    2    2    2    8    5    9    0.160390D-03
  1  1  1  2  1  2    2    2    2    8    6    1    0.141688D-03
  1  1  1  2  1  2    2    2    2    8    6    2    0.155032D-03
  1  1  1  2  1  2    2    2    2    8    6    3    0.161894D-03
  1  1  1  2  1  2    2    2    2    8    6    4    0.146003D-03
  1  1  1  2  1  2    2    2    2    8    6    5    0.157275D-03
  1  1  1  2  1  2    2    2    2    8    6    6    0.164273D-03
  1  1  1  2  1  2    2    2    2    8    6    7    0.150450D-03
  1  1  1  2  1  2    2    2    2    8    6    8    0.159562D-03
  1  1  1  2  1  2    2    2    2    8    6    9    0.137501D-03
  1  1  1  2  1  2    2    2    2    8    7    1    0.159753D-03
  1  1  1  2  1  2    2    2    2    8    7    2    0.174798D-03
  1  1  1  2  1  2    2    2    2    8    7    3    0.182535D-03
  1  1  1  2  1  2    2    2    2    8    7    4    0.164618D-03
  1  1  1  2  1  2    2    2    2    8    7    5    0.177327D-03
  1  1  1  2  1  2    2    2    2    8    7    6    0.185218D-03
  1  1  1  2  1  2    2    2    2    8    7    7    0.169632D-03
  1  1  1  2  1  2    2    2    2    8    7    8    0.179905D-03
  1  1  1  2  1  2    2    2    2    8    7    9    0.155032D-03
  1  1  1  2  1  2    2    2    2    8    8    1    0.167687D-03
  1  1  1  2  1  2    2    2    2    8    8    2    0.183479D-03
  1  1  1  2  1  2    2    2    2    8    8    3    0.191600D-03
  1  1  1  2  1  2    2    2    2    8    8    4    0.172794D-03
  1  1  1  2  1  2    2    2    2    8    8    5    0.186133D-03
  1  1  1  2  1  2    2    2    2    8    8    6    0.194416D-03
  1  1  1  2  1  2    2    2    2    8    8    7    0.178056D-03
  1  1  1  2  1  2    2    2    2    8    8    8    0.188840D-03
  1  1  1  2  1  2    2    2    2    8    8    9    0.162731D-03
  1  1  1  2  1  2    2    2    2    8    9    1    0.146003D-03
  1  1  1  2  1  2    2    2    2    8    9    2    0.159753D-03
  1  1  1  2  1  2    2    2    2    8    9    3    0.166825D-03
  1  1  1  2  1  2    2    2    2    8    9    4    0.150450D-03
  1  1  1  2  1  2    2    2    2    8    9    5    0.162064D-03
  1  1  1  2  1  2    2    2    2    8    9    6    0.169276D-03
  1  1  1  2  1  2    2    2    2    8    9    7    0.155032D-03
  1  1  1  2  1  2    2    2    2    8    9    8    0.164421D-03
  1  1  1  2  1  2    2    2    2    8    9    9    0.141688D-03
  1  1  1  2  1  2    2    2    2    9    1    1    0.129649D-03
  1  1  1  2  1  2    2    2    2    9    1    2    0.141858D-03
  1  1  1  2  1  2    2    2    2    9    1    3    0.148138D-03
  1  1  1  2  1  2    2    2    2    9    1    4    0.133597D-03
  1  1  1  2  1  2    2    2    2    9    1    5    0.143911D-03
  1  1  1  2  1  2    2    2    2    9    1    6    0.150315D-03
  1  1  1  2  1  2    2    2    2    9    1    7    0.137666D-03
  1  1  1  2  1  2    2    2    2    9    1    8    0.146003D-03
  1  1  1  2  1  2    2    2    2    9    1    9    0.125817D-03
  1  1  1  2  1  2    2    2    2    9    2    1    0.140386D-03
  1  1  1  2  1  2    2    2    2    9    2    2    0.153607D-03
  1  1  1  2  1  2    2    2    2    9    2    3    0.160406D-03
  1  1  1  2  1  2    2    2    2    9    2    4    0.144661D-03
  1  1  1  2  1  2    2    2    2    9    2    5    0.155829D-03
  1  1  1  2  1  2    2    2    2    9    2    6    0.162763D-03
  1  1  1  2  1  2    2    2    2    9    2    7    0.149067D-03
  1  1  1  2  1  2    2    2    2    9    2    8    0.158095D-03
  1  1  1  2  1  2    2    2    2    9    2    9    0.136237D-03
  1  1  1  2  1  2    2    2    2    9    3    1    0.146622D-03
  1  1  1  2  1  2    2    2    2    9    3    2    0.160430D-03
  1  1  1  2  1  2    2    2    2    9    3    3    0.167532D-03
  1  1  1  2  1  2    2    2    2    9    3    4    0.151088D-03
  1  1  1  2  1  2    2    2    2    9    3    5    0.162751D-03
  1  1  1  2  1  2    2    2    2    9    3    6    0.169994D-03
  1  1  1  2  1  2    2    2    2    9    3    7    0.155689D-03
  1  1  1  2  1  2    2    2    2    9    3    8    0.165118D-03
  1  1  1  2  1  2    2    2    2    9    3    9    0.142289D-03
  1  1  1  2  1  2    2    2    2    9    4    1    0.133597D-03
  1  1  1  2  1  2    2    2    2    9    4    2    0.146179D-03
  1  1  1  2  1  2    2    2    2    9    4    3    0.152649D-03
  1  1  1  2  1  2    2    2    2    9    4    4    0.137666D-03
  1  1  1  2  1  2    2    2    2    9    4    5    0.148293D-03
  1  1  1  2  1  2    2    2    2    9    4    6    0.154892D-03
  1  1  1  2  1  2    2    2    2    9    4    7    0.141858D-03
  1  1  1  2  1  2    2    2    2    9    4    8    0.150450D-03
  1  1  1  2  1  2    2    2    2    9    4    9    0.129649D-03
  1  1  1  2  1  2    2    2    2    9    5    1    0.142424D-03
  1  1  1  2  1  2    2    2    2    9    5    2    0.155837D-03
  1  1  1  2  1  2    2    2    2    9    5    3    0.162735D-03
  1  1  1  2  1  2    2    2    2    9    5    4    0.146761D-03
  1  1  1  2  1  2    2    2    2    9    5    5    0.158091D-03
  1  1  1  2  1  2    2    2    2    9    5    6    0.165126D-03
  1  1  1  2  1  2    2    2    2    9    5    7    0.151231D-03
  1  1  1  2  1  2    2    2    2    9    5    8    0.160390D-03
  1  1  1  2  1  2    2    2    2    9    5    9    0.138215D-03
  1  1  1  2  1  2    2    2    2    9    6    1    0.122099D-03
  1  1  1  2  1  2    2    2    2    9    6    2    0.133597D-03
  1  1  1  2  1  2    2    2    2    9    6    3    0.139511D-03
  1  1  1  2  1  2    2    2    2    9    6    4    0.125817D-03
  1  1  1  2  1  2    2    2    2    9    6    5    0.135530D-03
  1  1  1  2  1  2    2    2    2    9    6    6    0.141561D-03
  1  1  1  2  1  2    2    2    2    9    6    7    0.129649D-03
  1  1  1  2  1  2    2    2    2    9    6    8    0.137501D-03
  1  1  1  2  1  2    2    2    2    9    6    9    0.118490D-03
  1  1  1  2  1  2    2    2    2    9    7    1    0.137666D-03
  1  1  1  2  1  2    2    2    2    9    7    2    0.150630D-03
  1  1  1  2  1  2    2    2    2    9    7    3    0.157298D-03
  1  1  1  2  1  2    2    2    2    9    7    4    0.141858D-03
  1  1  1  2  1  2    2    2    2    9    7    5    0.152809D-03
  1  1  1  2  1  2    2    2    2    9    7    6    0.159609D-03
  1  1  1  2  1  2    2    2    2    9    7    7    0.146179D-03
  1  1  1  2  1  2    2    2    2    9    7    8    0.155032D-03
  1  1  1  2  1  2    2    2    2    9    7    9    0.133597D-03
  1  1  1  2  1  2    2    2    2    9    8    1    0.144502D-03
  1  1  1  2  1  2    2    2    2    9    8    2    0.158111D-03
  1  1  1  2  1  2    2    2    2    9    8    3    0.165110D-03
  1  1  1  2  1  2    2    2    2    9    8    4    0.148903D-03
  1  1  1  2  1  2    2    2    2    9    8    5    0.160398D-03
  1  1  1  2  1  2    2    2    2    9    8    6    0.167536D-03
  1  1  1  2  1  2    2    2    2    9    8    7    0.153438D-03
  1  1  1  2  1  2    2    2    2    9    8    8    0.162731D-03
  1  1  1  2  1  2    2    2    2    9    8    9    0.140232D-03
  1  1  1  2  1  2    2    2    2    9    9    1    0.125817D-03
  1  1  1  2  1  2    2    2    2    9    9    2    0.137666D-03
  1  1  1  2  1  2    2    2    2    9    9    3    0.143760D-03
  1  1  1  2  1  2    2    2    2    9    9    4    0.129649D-03
  1  1  1  2  1  2    2    2    2    9    9    5    0.139657D-03
  1  1  1  2  1  2    2    2    2    9    9    6    0.145872D-03
  1  1  1  2  1  2    2    2    2    9    9    7    0.133597D-03
  1  1  1  2  1  2    2    2    2    9    9    8    0.141688D-03
  1  1  1  2  1  2    2    2    2    9    9    9    0.122099D-03
  1  1  1  2  1  2    1    1    1    1    1    1    0.225113D-03
  1  1  1  2  1  2    1    1    1    1    1    2    0.228472D-03
  1  1  1  2  1  2    1    1    1    1    1    3    0.218460D-03
  1  1  1  2  1  2    1    1    1    1    2    1    0.214162D-03
  1  1  1  2  1  2    1    1    1    1    2    2    0.217358D-03
  1  1  1  2  1  2    1    1    1    1    2    3    0.207833D-03
  1  1  1  2  1  2    1    1    1    1    3    1    0.220684D-03
  1  1  1  2  1  2    1    1    1    1    3    2    0.223978D-03
  1  1  1  2  1  2    1    1    1    1    3    3    0.214162D-03
  1  1  1  2  1  2    1    1    1    2    1    1    0.228472D-03
  1  1  1  2  1  2    1    1    1    2    1    2    0.231881D-03
  1  1  1  2  1  2    1    1    1    2    1    3    0.221720D-03
  1  1  1  2  1  2    1    1    1    2    2    1    0.217358D-03
  1  1  1  2  1  2    1    1    1    2    2    2    0.220602D-03
  1  1  1  2  1  2    1    1    1    2    2    3    0.210934D-03
  1  1  1  2  1  2    1    1    1    2    3    1    0.223978D-03
  1  1  1  2  1  2    1    1    1    2    3    2    0.227320D-03
  1  1  1  2  1  2    1    1    1    2    3    3    0.217358D-03
  1  1  1  2  1  2    1    1    1    3    1    1    0.218460D-03
  1  1  1  2  1  2    1    1    1    3    1    2    0.221720D-03
  1  1  1  2  1  2    1    1    1    3    1    3    0.212003D-03
  1  1  1  2  1  2    1    1    1    3    2    1    0.207833D-03
  1  1  1  2  1  2    1    1    1    3    2    2    0.210934D-03
  1  1  1  2  1  2    1    1    1    3    2    3    0.201690D-03
  1  1  1  2  1  2    1    1    1    3    3    1    0.214162D-03
  1  1  1  2  1  2    1    1    1    3    3    2    0.217358D-03
  1  1  1  2  1  2    1    1    1    3    3    3    0.207833D-03
  1  1  1  2  1  2    0    0    0    1    1    1    0.241250D-03
