  1  1  1  3  2  1    2    2    2    1    1    1    0.134940D-03
  1  1  1  3  2  1    2    2    2    1    1    2    0.146115D-03
  1  1  1  3  2  1    2    2    2    1    1    3    0.152606D-03
  1  1  1  3  2  1    2    2    2    1    1    4    0.139049D-03
  1  1  1  3  2  1    2    2    2    1    1    5    0.148236D-03
  1  1  1  3  2  1    2    2    2    1    1    6    0.127081D-03
  1  1  1  3  2  1    2    2    2    1    1    7    0.143284D-03
  1  1  1  3  2  1    2    2    2    1    1    8    0.150400D-03
  1  1  1  3  2  1    2    2    2    1    1    9    0.130952D-03
  1  1  1  3  2  1    2    2    2    1    2    1    0.147648D-03
  1  1  1  3  2  1    2    2    2    1    2    2    0.159876D-03
  1  1  1  3  2  1    2    2    2    1    2    3    0.166978D-03
  1  1  1  3  2  1    2    2    2    1    2    4    0.152144D-03
  1  1  1  3  2  1    2    2    2    1    2    5    0.162197D-03
  1  1  1  3  2  1    2    2    2    1    2    6    0.139049D-03
  1  1  1  3  2  1    2    2    2    1    2    7    0.156778D-03
  1  1  1  3  2  1    2    2    2    1    2    8    0.164564D-03
  1  1  1  3  2  1    2    2    2    1    2    9    0.143284D-03
  1  1  1  3  2  1    2    2    2    1    3    1    0.154183D-03
  1  1  1  3  2  1    2    2    2    1    3    2    0.166953D-03
  1  1  1  3  2  1    2    2    2    1    3    3    0.174369D-03
  1  1  1  3  2  1    2    2    2    1    3    4    0.158879D-03
  1  1  1  3  2  1    2    2    2    1    3    5    0.169376D-03
  1  1  1  3  2  1    2    2    2    1    3    6    0.145204D-03
  1  1  1  3  2  1    2    2    2    1    3    7    0.163718D-03
  1  1  1  3  2  1    2    2    2    1    3    8    0.171848D-03
  1  1  1  3  2  1    2    2    2    1    3    9    0.149627D-03
  1  1  1  3  2  1    2    2    2    1    4    1    0.139049D-03
  1  1  1  3  2  1    2    2    2    1    4    2    0.150565D-03
  1  1  1  3  2  1    2    2    2    1    4    3    0.157254D-03
  1  1  1  3  2  1    2    2    2    1    4    4    0.143284D-03
  1  1  1  3  2  1    2    2    2    1    4    5    0.152751D-03
  1  1  1  3  2  1    2    2    2    1    4    6    0.130952D-03
  1  1  1  3  2  1    2    2    2    1    4    7    0.147648D-03
  1  1  1  3  2  1    2    2    2    1    4    8    0.154980D-03
  1  1  1  3  2  1    2    2    2    1    4    9    0.134940D-03
  1  1  1  3  2  1    2    2    2    1    5    1    0.149784D-03
  1  1  1  3  2  1    2    2    2    1    5    2    0.162188D-03
  1  1  1  3  2  1    2    2    2    1    5    3    0.169393D-03
  1  1  1  3  2  1    2    2    2    1    5    4    0.154345D-03
  1  1  1  3  2  1    2    2    2    1    5    5    0.164543D-03
  1  1  1  3  2  1    2    2    2    1    5    6    0.141061D-03
  1  1  1  3  2  1    2    2    2    1    5    7    0.159046D-03
  1  1  1  3  2  1    2    2    2    1    5    8    0.166944D-03
  1  1  1  3  2  1    2    2    2    1    5    9    0.145357D-03
  1  1  1  3  2  1    2    2    2    1    6    1    0.156449D-03
  1  1  1  3  2  1    2    2    2    1    6    2    0.169406D-03
  1  1  1  3  2  1    2    2    2    1    6    3    0.176931D-03
  1  1  1  3  2  1    2    2    2    1    6    4    0.161214D-03
  1  1  1  3  2  1    2    2    2    1    6    5    0.171865D-03
  1  1  1  3  2  1    2    2    2    1    6    6    0.147338D-03
  1  1  1  3  2  1    2    2    2    1    6    7    0.166123D-03
  1  1  1  3  2  1    2    2    2    1    6    8    0.174373D-03
  1  1  1  3  2  1    2    2    2    1    6    9    0.151825D-03
  1  1  1  3  2  1    2    2    2    1    7    1    0.143284D-03
  1  1  1  3  2  1    2    2    2    1    7    2    0.155151D-03
  1  1  1  3  2  1    2    2    2    1    7    3    0.162043D-03
  1  1  1  3  2  1    2    2    2    1    7    4    0.147648D-03
  1  1  1  3  2  1    2    2    2    1    7    5    0.157403D-03
  1  1  1  3  2  1    2    2    2    1    7    6    0.134940D-03
  1  1  1  3  2  1    2    2    2    1    7    7    0.152144D-03
  1  1  1  3  2  1    2    2    2    1    7    8    0.159700D-03
  1  1  1  3  2  1    2    2    2    1    7    9    0.139049D-03
  1  1  1  3  2  1    2    2    2    1    8    1    0.151962D-03
  1  1  1  3  2  1    2    2    2    1    8    2    0.164547D-03
  1  1  1  3  2  1    2    2    2    1    8    3    0.171857D-03
  1  1  1  3  2  1    2    2    2    1    8    4    0.156590D-03
  1  1  1  3  2  1    2    2    2    1    8    5    0.166936D-03
  1  1  1  3  2  1    2    2    2    1    8    6    0.143112D-03
  1  1  1  3  2  1    2    2    2    1    8    7    0.161359D-03
  1  1  1  3  2  1    2    2    2    1    8    8    0.169372D-03
  1  1  1  3  2  1    2    2    2    1    8    9    0.147471D-03
  1  1  1  3  2  1    2    2    2    1    9    1    0.130952D-03
  1  1  1  3  2  1    2    2    2    1    9    2    0.141797D-03
  1  1  1  3  2  1    2    2    2    1    9    3    0.148096D-03
  1  1  1  3  2  1    2    2    2    1    9    4    0.134940D-03
  1  1  1  3  2  1    2    2    2    1    9    5    0.143855D-03
  1  1  1  3  2  1    2    2    2    1    9    6    0.123326D-03
  1  1  1  3  2  1    2    2    2    1    9    7    0.139049D-03
  1  1  1  3  2  1    2    2    2    1    9    8    0.145955D-03
  1  1  1  3  2  1    2    2    2    1    9    9    0.127081D-03
  1  1  1  3  2  1    2    2    2    2    1    1    0.146879D-03
  1  1  1  3  2  1    2    2    2    2    1    2    0.159043D-03
  1  1  1  3  2  1    2    2    2    2    1    3    0.166108D-03
  1  1  1  3  2  1    2    2    2    2    1    4    0.151352D-03
  1  1  1  3  2  1    2    2    2    2    1    5    0.161352D-03
  1  1  1  3  2  1    2    2    2    2    1    6    0.138325D-03
  1  1  1  3  2  1    2    2    2    2    1    7    0.155961D-03
  1  1  1  3  2  1    2    2    2    2    1    8    0.163707D-03
  1  1  1  3  2  1    2    2    2    2    1    9    0.142538D-03
  1  1  1  3  2  1    2    2    2    2    2    1    0.160711D-03
  1  1  1  3  2  1    2    2    2    2    2    2    0.174021D-03
  1  1  1  3  2  1    2    2    2    2    2    3    0.181751D-03
  1  1  1  3  2  1    2    2    2    2    2    4    0.165605D-03
  1  1  1  3  2  1    2    2    2    2    2    5    0.176547D-03
  1  1  1  3  2  1    2    2    2    2    2    6    0.151352D-03
  1  1  1  3  2  1    2    2    2    2    2    7    0.170649D-03
  1  1  1  3  2  1    2    2    2    2    2    8    0.179124D-03
  1  1  1  3  2  1    2    2    2    2    2    9    0.155961D-03
  1  1  1  3  2  1    2    2    2    2    3    1    0.167825D-03
  1  1  1  3  2  1    2    2    2    2    3    2    0.181724D-03
  1  1  1  3  2  1    2    2    2    2    3    3    0.189797D-03
  1  1  1  3  2  1    2    2    2    2    3    4    0.172936D-03
  1  1  1  3  2  1    2    2    2    2    3    5    0.184362D-03
  1  1  1  3  2  1    2    2    2    2    3    6    0.158052D-03
  1  1  1  3  2  1    2    2    2    2    3    7    0.178203D-03
  1  1  1  3  2  1    2    2    2    2    3    8    0.187053D-03
  1  1  1  3  2  1    2    2    2    2    3    9    0.162865D-03
  1  1  1  3  2  1    2    2    2    2    4    1    0.151352D-03
  1  1  1  3  2  1    2    2    2    2    4    2    0.163887D-03
  1  1  1  3  2  1    2    2    2    2    4    3    0.171167D-03
  1  1  1  3  2  1    2    2    2    2    4    4    0.155961D-03
  1  1  1  3  2  1    2    2    2    2    4    5    0.166266D-03
  1  1  1  3  2  1    2    2    2    2    4    6    0.142538D-03
  1  1  1  3  2  1    2    2    2    2    4    7    0.160711D-03
  1  1  1  3  2  1    2    2    2    2    4    8    0.168692D-03
  1  1  1  3  2  1    2    2    2    2    4    9    0.146879D-03
  1  1  1  3  2  1    2    2    2    2    5    1    0.163036D-03
  1  1  1  3  2  1    2    2    2    2    5    2    0.176538D-03
  1  1  1  3  2  1    2    2    2    2    5    3    0.184381D-03
  1  1  1  3  2  1    2    2    2    2    5    4    0.168001D-03
  1  1  1  3  2  1    2    2    2    2    5    5    0.179101D-03
  1  1  1  3  2  1    2    2    2    2    5    6    0.153542D-03
  1  1  1  3  2  1    2    2    2    2    5    7    0.173118D-03
  1  1  1  3  2  1    2    2    2    2    5    8    0.181715D-03
  1  1  1  3  2  1    2    2    2    2    5    9    0.158218D-03
  1  1  1  3  2  1    2    2    2    2    6    1    0.170291D-03
  1  1  1  3  2  1    2    2    2    2    6    2    0.184394D-03
  1  1  1  3  2  1    2    2    2    2    6    3    0.192586D-03
  1  1  1  3  2  1    2    2    2    2    6    4    0.175477D-03
  1  1  1  3  2  1    2    2    2    2    6    5    0.187071D-03
  1  1  1  3  2  1    2    2    2    2    6    6    0.160374D-03
  1  1  1  3  2  1    2    2    2    2    6    7    0.180821D-03
  1  1  1  3  2  1    2    2    2    2    6    8    0.189801D-03
  1  1  1  3  2  1    2    2    2    2    6    9    0.165258D-03
  1  1  1  3  2  1    2    2    2    2    7    1    0.155961D-03
  1  1  1  3  2  1    2    2    2    2    7    2    0.168878D-03
  1  1  1  3  2  1    2    2    2    2    7    3    0.176380D-03
  1  1  1  3  2  1    2    2    2    2    7    4    0.160711D-03
  1  1  1  3  2  1    2    2    2    2    7    5    0.171329D-03
  1  1  1  3  2  1    2    2    2    2    7    6    0.146879D-03
  1  1  1  3  2  1    2    2    2    2    7    7    0.165605D-03
  1  1  1  3  2  1    2    2    2    2    7    8    0.173830D-03
  1  1  1  3  2  1    2    2    2    2    7    9    0.151352D-03
  1  1  1  3  2  1    2    2    2    2    8    1    0.165407D-03
  1  1  1  3  2  1    2    2    2    2    8    2    0.179106D-03
  1  1  1  3  2  1    2    2    2    2    8    3    0.187062D-03
  1  1  1  3  2  1    2    2    2    2    8    4    0.170444D-03
  1  1  1  3  2  1    2    2    2    2    8    5    0.181706D-03
  1  1  1  3  2  1    2    2    2    2    8    6    0.155774D-03
  1  1  1  3  2  1    2    2    2    2    8    7    0.175635D-03
  1  1  1  3  2  1    2    2    2    2    8    8    0.184358D-03
  1  1  1  3  2  1    2    2    2    2    8    9    0.160518D-03
  1  1  1  3  2  1    2    2    2    2    9    1    0.142538D-03
  1  1  1  3  2  1    2    2    2    2    9    2    0.154343D-03
  1  1  1  3  2  1    2    2    2    2    9    3    0.161199D-03
  1  1  1  3  2  1    2    2    2    2    9    4    0.146879D-03
  1  1  1  3  2  1    2    2    2    2    9    5    0.156583D-03
  1  1  1  3  2  1    2    2    2    2    9    6    0.134237D-03
  1  1  1  3  2  1    2    2    2    2    9    7    0.151352D-03
  1  1  1  3  2  1    2    2    2    2    9    8    0.158868D-03
  1  1  1  3  2  1    2    2    2    2    9    9    0.138325D-03
  1  1  1  3  2  1    2    2    2    3    1    1    0.153392D-03
  1  1  1  3  2  1    2    2    2    3    1    2    0.166096D-03
  1  1  1  3  2  1    2    2    2    3    1    3    0.173474D-03
  1  1  1  3  2  1    2    2    2    3    1    4    0.158063D-03
  1  1  1  3  2  1    2    2    2    3    1    5    0.168507D-03
  1  1  1  3  2  1    2    2    2    3    1    6    0.144459D-03
  1  1  1  3  2  1    2    2    2    3    1    7    0.162877D-03
  1  1  1  3  2  1    2    2    2    3    1    8    0.170966D-03
  1  1  1  3  2  1    2    2    2    3    1    9    0.148859D-03
  1  1  1  3  2  1    2    2    2    3    2    1    0.167838D-03
  1  1  1  3  2  1    2    2    2    3    2    2    0.181738D-03
  1  1  1  3  2  1    2    2    2    3    2    3    0.189811D-03
  1  1  1  3  2  1    2    2    2    3    2    4    0.172949D-03
  1  1  1  3  2  1    2    2    2    3    2    5    0.184376D-03
  1  1  1  3  2  1    2    2    2    3    2    6    0.158063D-03
  1  1  1  3  2  1    2    2    2    3    2    7    0.178216D-03
  1  1  1  3  2  1    2    2    2    3    2    8    0.187067D-03
  1  1  1  3  2  1    2    2    2    3    2    9    0.162877D-03
  1  1  1  3  2  1    2    2    2    3    3    1    0.175267D-03
  1  1  1  3  2  1    2    2    2    3    3    2    0.189782D-03
  1  1  1  3  2  1    2    2    2    3    3    3    0.198213D-03
  1  1  1  3  2  1    2    2    2    3    3    4    0.180605D-03
  1  1  1  3  2  1    2    2    2    3    3    5    0.192537D-03
  1  1  1  3  2  1    2    2    2    3    3    6    0.165060D-03
  1  1  1  3  2  1    2    2    2    3    3    7    0.186105D-03
  1  1  1  3  2  1    2    2    2    3    3    8    0.195347D-03
  1  1  1  3  2  1    2    2    2    3    3    9    0.170087D-03
  1  1  1  3  2  1    2    2    2    3    4    1    0.158063D-03
  1  1  1  3  2  1    2    2    2    3    4    2    0.171154D-03
  1  1  1  3  2  1    2    2    2    3    4    3    0.178757D-03
  1  1  1  3  2  1    2    2    2    3    4    4    0.162877D-03
  1  1  1  3  2  1    2    2    2    3    4    5    0.173639D-03
  1  1  1  3  2  1    2    2    2    3    4    6    0.148859D-03
  1  1  1  3  2  1    2    2    2    3    4    7    0.167838D-03
  1  1  1  3  2  1    2    2    2    3    4    8    0.176173D-03
  1  1  1  3  2  1    2    2    2    3    4    9    0.153392D-03
  1  1  1  3  2  1    2    2    2    3    5    1    0.170266D-03
  1  1  1  3  2  1    2    2    2    3    5    2    0.184367D-03
  1  1  1  3  2  1    2    2    2    3    5    3    0.192557D-03
  1  1  1  3  2  1    2    2    2    3    5    4    0.175451D-03
  1  1  1  3  2  1    2    2    2    3    5    5    0.187043D-03
  1  1  1  3  2  1    2    2    2    3    5    6    0.160350D-03
  1  1  1  3  2  1    2    2    2    3    5    7    0.180794D-03
  1  1  1  3  2  1    2    2    2    3    5    8    0.189773D-03
  1  1  1  3  2  1    2    2    2    3    5    9    0.165234D-03
  1  1  1  3  2  1    2    2    2    3    6    1    0.177843D-03
  1  1  1  3  2  1    2    2    2    3    6    2    0.192571D-03
  1  1  1  3  2  1    2    2    2    3    6    3    0.201126D-03
  1  1  1  3  2  1    2    2    2    3    6    4    0.183259D-03
  1  1  1  3  2  1    2    2    2    3    6    5    0.195367D-03
  1  1  1  3  2  1    2    2    2    3    6    6    0.167486D-03
  1  1  1  3  2  1    2    2    2    3    6    7    0.188840D-03
  1  1  1  3  2  1    2    2    2    3    6    8    0.198218D-03
  1  1  1  3  2  1    2    2    2    3    6    9    0.172586D-03
  1  1  1  3  2  1    2    2    2    3    7    1    0.162877D-03
  1  1  1  3  2  1    2    2    2    3    7    2    0.176366D-03
  1  1  1  3  2  1    2    2    2    3    7    3    0.184201D-03
  1  1  1  3  2  1    2    2    2    3    7    4    0.167838D-03
  1  1  1  3  2  1    2    2    2    3    7    5    0.178927D-03
  1  1  1  3  2  1    2    2    2    3    7    6    0.153392D-03
  1  1  1  3  2  1    2    2    2    3    7    7    0.172949D-03
  1  1  1  3  2  1    2    2    2    3    7    8    0.181538D-03
  1  1  1  3  2  1    2    2    2    3    7    9    0.158063D-03
  1  1  1  3  2  1    2    2    2    3    8    1    0.172742D-03
  1  1  1  3  2  1    2    2    2    3    8    2    0.187048D-03
  1  1  1  3  2  1    2    2    2    3    8    3    0.195357D-03
  1  1  1  3  2  1    2    2    2    3    8    4    0.178003D-03
  1  1  1  3  2  1    2    2    2    3    8    5    0.189763D-03
  1  1  1  3  2  1    2    2    2    3    8    6    0.162682D-03
  1  1  1  3  2  1    2    2    2    3    8    7    0.183424D-03
  1  1  1  3  2  1    2    2    2    3    8    8    0.192533D-03
  1  1  1  3  2  1    2    2    2    3    8    9    0.167636D-03
  1  1  1  3  2  1    2    2    2    3    9    1    0.148859D-03
  1  1  1  3  2  1    2    2    2    3    9    2    0.161187D-03
  1  1  1  3  2  1    2    2    2    3    9    3    0.168347D-03
  1  1  1  3  2  1    2    2    2    3    9    4    0.153392D-03
  1  1  1  3  2  1    2    2    2    3    9    5    0.163527D-03
  1  1  1  3  2  1    2    2    2    3    9    6    0.140190D-03
  1  1  1  3  2  1    2    2    2    3    9    7    0.158063D-03
  1  1  1  3  2  1    2    2    2    3    9    8    0.165913D-03
  1  1  1  3  2  1    2    2    2    3    9    9    0.144459D-03
  1  1  1  3  2  1    2    2    2    4    1    1    0.139049D-03
  1  1  1  3  2  1    2    2    2    4    1    2    0.150565D-03
  1  1  1  3  2  1    2    2    2    4    1    3    0.157254D-03
  1  1  1  3  2  1    2    2    2    4    1    4    0.143284D-03
  1  1  1  3  2  1    2    2    2    4    1    5    0.152751D-03
  1  1  1  3  2  1    2    2    2    4    1    6    0.130952D-03
  1  1  1  3  2  1    2    2    2    4    1    7    0.147648D-03
  1  1  1  3  2  1    2    2    2    4    1    8    0.154980D-03
  1  1  1  3  2  1    2    2    2    4    1    9    0.134940D-03
  1  1  1  3  2  1    2    2    2    4    2    1    0.152144D-03
  1  1  1  3  2  1    2    2    2    4    2    2    0.164744D-03
  1  1  1  3  2  1    2    2    2    4    2    3    0.172063D-03
  1  1  1  3  2  1    2    2    2    4    2    4    0.156778D-03
  1  1  1  3  2  1    2    2    2    4    2    5    0.167136D-03
  1  1  1  3  2  1    2    2    2    4    2    6    0.143284D-03
  1  1  1  3  2  1    2    2    2    4    2    7    0.161552D-03
  1  1  1  3  2  1    2    2    2    4    2    8    0.169575D-03
  1  1  1  3  2  1    2    2    2    4    2    9    0.147648D-03
  1  1  1  3  2  1    2    2    2    4    3    1    0.158879D-03
  1  1  1  3  2  1    2    2    2    4    3    2    0.172037D-03
  1  1  1  3  2  1    2    2    2    4    3    3    0.179679D-03
  1  1  1  3  2  1    2    2    2    4    3    4    0.163718D-03
  1  1  1  3  2  1    2    2    2    4    3    5    0.174535D-03
  1  1  1  3  2  1    2    2    2    4    3    6    0.149627D-03
  1  1  1  3  2  1    2    2    2    4    3    7    0.168703D-03
  1  1  1  3  2  1    2    2    2    4    3    8    0.177082D-03
  1  1  1  3  2  1    2    2    2    4    3    9    0.154183D-03
  1  1  1  3  2  1    2    2    2    4    4    1    0.143284D-03
  1  1  1  3  2  1    2    2    2    4    4    2    0.155151D-03
  1  1  1  3  2  1    2    2    2    4    4    3    0.162043D-03
  1  1  1  3  2  1    2    2    2    4    4    4    0.147648D-03
  1  1  1  3  2  1    2    2    2    4    4    5    0.157403D-03
  1  1  1  3  2  1    2    2    2    4    4    6    0.134940D-03
  1  1  1  3  2  1    2    2    2    4    4    7    0.152144D-03
  1  1  1  3  2  1    2    2    2    4    4    8    0.159700D-03
  1  1  1  3  2  1    2    2    2    4    4    9    0.139049D-03
  1  1  1  3  2  1    2    2    2    4    5    1    0.154345D-03
  1  1  1  3  2  1    2    2    2    4    5    2    0.167128D-03
  1  1  1  3  2  1    2    2    2    4    5    3    0.174552D-03
  1  1  1  3  2  1    2    2    2    4    5    4    0.159046D-03
  1  1  1  3  2  1    2    2    2    4    5    5    0.169554D-03
  1  1  1  3  2  1    2    2    2    4    5    6    0.145357D-03
  1  1  1  3  2  1    2    2    2    4    5    7    0.163889D-03
  1  1  1  3  2  1    2    2    2    4    5    8    0.172028D-03
  1  1  1  3  2  1    2    2    2    4    5    9    0.149784D-03
  1  1  1  3  2  1    2    2    2    4    6    1    0.161214D-03
  1  1  1  3  2  1    2    2    2    4    6    2    0.174565D-03
  1  1  1  3  2  1    2    2    2    4    6    3    0.182320D-03
  1  1  1  3  2  1    2    2    2    4    6    4    0.166123D-03
  1  1  1  3  2  1    2    2    2    4    6    5    0.177099D-03
  1  1  1  3  2  1    2    2    2    4    6    6    0.151825D-03
  1  1  1  3  2  1    2    2    2    4    6    7    0.171182D-03
  1  1  1  3  2  1    2    2    2    4    6    8    0.179684D-03
  1  1  1  3  2  1    2    2    2    4    6    9    0.156449D-03
  1  1  1  3  2  1    2    2    2    4    7    1    0.147648D-03
  1  1  1  3  2  1    2    2    2    4    7    2    0.159876D-03
  1  1  1  3  2  1    2    2    2    4    7    3    0.166978D-03
  1  1  1  3  2  1    2    2    2    4    7    4    0.152144D-03
  1  1  1  3  2  1    2    2    2    4    7    5    0.162197D-03
  1  1  1  3  2  1    2    2    2    4    7    6    0.139049D-03
  1  1  1  3  2  1    2    2    2    4    7    7    0.156778D-03
  1  1  1  3  2  1    2    2    2    4    7    8    0.164564D-03
  1  1  1  3  2  1    2    2    2    4    7    9    0.143284D-03
  1  1  1  3  2  1    2    2    2    4    8    1    0.156590D-03
  1  1  1  3  2  1    2    2    2    4    8    2    0.169558D-03
  1  1  1  3  2  1    2    2    2    4    8    3    0.177090D-03
  1  1  1  3  2  1    2    2    2    4    8    4    0.161359D-03
  1  1  1  3  2  1    2    2    2    4    8    5    0.172020D-03
  1  1  1  3  2  1    2    2    2    4    8    6    0.147471D-03
  1  1  1  3  2  1    2    2    2    4    8    7    0.166273D-03
  1  1  1  3  2  1    2    2    2    4    8    8    0.174530D-03
  1  1  1  3  2  1    2    2    2    4    8    9    0.151962D-03
  1  1  1  3  2  1    2    2    2    4    9    1    0.134940D-03
  1  1  1  3  2  1    2    2    2    4    9    2    0.146115D-03
  1  1  1  3  2  1    2    2    2    4    9    3    0.152606D-03
  1  1  1  3  2  1    2    2    2    4    9    4    0.139049D-03
  1  1  1  3  2  1    2    2    2    4    9    5    0.148236D-03
  1  1  1  3  2  1    2    2    2    4    9    6    0.127081D-03
  1  1  1  3  2  1    2    2    2    4    9    7    0.143284D-03
  1  1  1  3  2  1    2    2    2    4    9    8    0.150400D-03
  1  1  1  3  2  1    2    2    2    4    9    9    0.130952D-03
  1  1  1  3  2  1    2    2    2    5    1    1    0.149007D-03
  1  1  1  3  2  1    2    2    2    5    1    2    0.161348D-03
  1  1  1  3  2  1    2    2    2    5    1    3    0.168515D-03
  1  1  1  3  2  1    2    2    2    5    1    4    0.153545D-03
  1  1  1  3  2  1    2    2    2    5    1    5    0.163690D-03
  1  1  1  3  2  1    2    2    2    5    1    6    0.140330D-03
  1  1  1  3  2  1    2    2    2    5    1    7    0.158222D-03
  1  1  1  3  2  1    2    2    2    5    1    8    0.166079D-03
  1  1  1  3  2  1    2    2    2    5    1    9    0.144604D-03
  1  1  1  3  2  1    2    2    2    5    2    1    0.163040D-03
  1  1  1  3  2  1    2    2    2    5    2    2    0.176543D-03
  1  1  1  3  2  1    2    2    2    5    2    3    0.184385D-03
  1  1  1  3  2  1    2    2    2    5    2    4    0.168005D-03
  1  1  1  3  2  1    2    2    2    5    2    5    0.179106D-03
  1  1  1  3  2  1    2    2    2    5    2    6    0.153545D-03
  1  1  1  3  2  1    2    2    2    5    2    7    0.173122D-03
  1  1  1  3  2  1    2    2    2    5    2    8    0.181719D-03
  1  1  1  3  2  1    2    2    2    5    2    9    0.158222D-03
  1  1  1  3  2  1    2    2    2    5    3    1    0.170257D-03
  1  1  1  3  2  1    2    2    2    5    3    2    0.184358D-03
  1  1  1  3  2  1    2    2    2    5    3    3    0.192547D-03
  1  1  1  3  2  1    2    2    2    5    3    4    0.175442D-03
  1  1  1  3  2  1    2    2    2    5    3    5    0.187034D-03
  1  1  1  3  2  1    2    2    2    5    3    6    0.160342D-03
  1  1  1  3  2  1    2    2    2    5    3    7    0.180785D-03
  1  1  1  3  2  1    2    2    2    5    3    8    0.189763D-03
  1  1  1  3  2  1    2    2    2    5    3    9    0.165225D-03
  1  1  1  3  2  1    2    2    2    5    4    1    0.153545D-03
  1  1  1  3  2  1    2    2    2    5    4    2    0.166262D-03
  1  1  1  3  2  1    2    2    2    5    4    3    0.173647D-03
  1  1  1  3  2  1    2    2    2    5    4    4    0.158222D-03
  1  1  1  3  2  1    2    2    2    5    4    5    0.168675D-03
  1  1  1  3  2  1    2    2    2    5    4    6    0.144604D-03
  1  1  1  3  2  1    2    2    2    5    4    7    0.163040D-03
  1  1  1  3  2  1    2    2    2    5    4    8    0.171137D-03
  1  1  1  3  2  1    2    2    2    5    4    9    0.149007D-03
  1  1  1  3  2  1    2    2    2    5    5    1    0.165399D-03
  1  1  1  3  2  1    2    2    2    5    5    2    0.179097D-03
  1  1  1  3  2  1    2    2    2    5    5    3    0.187053D-03
  1  1  1  3  2  1    2    2    2    5    5    4    0.170436D-03
  1  1  1  3  2  1    2    2    2    5    5    5    0.181697D-03
  1  1  1  3  2  1    2    2    2    5    5    6    0.155767D-03
  1  1  1  3  2  1    2    2    2    5    5    7    0.175626D-03
  1  1  1  3  2  1    2    2    2    5    5    8    0.184348D-03
  1  1  1  3  2  1    2    2    2    5    5    9    0.160510D-03
  1  1  1  3  2  1    2    2    2    5    6    1    0.172759D-03
  1  1  1  3  2  1    2    2    2    5    6    2    0.187067D-03
  1  1  1  3  2  1    2    2    2    5    6    3    0.195377D-03
  1  1  1  3  2  1    2    2    2    5    6    4    0.178020D-03
  1  1  1  3  2  1    2    2    2    5    6    5    0.189782D-03
  1  1  1  3  2  1    2    2    2    5    6    6    0.162698D-03
  1  1  1  3  2  1    2    2    2    5    6    7    0.183442D-03
  1  1  1  3  2  1    2    2    2    5    6    8    0.192552D-03
  1  1  1  3  2  1    2    2    2    5    6    9    0.167653D-03
  1  1  1  3  2  1    2    2    2    5    7    1    0.158222D-03
  1  1  1  3  2  1    2    2    2    5    7    2    0.171325D-03
  1  1  1  3  2  1    2    2    2    5    7    3    0.178936D-03
  1  1  1  3  2  1    2    2    2    5    7    4    0.163040D-03
  1  1  1  3  2  1    2    2    2    5    7    5    0.173812D-03
  1  1  1  3  2  1    2    2    2    5    7    6    0.149007D-03
  1  1  1  3  2  1    2    2    2    5    7    7    0.168005D-03
  1  1  1  3  2  1    2    2    2    5    7    8    0.176349D-03
  1  1  1  3  2  1    2    2    2    5    7    9    0.153545D-03
  1  1  1  3  2  1    2    2    2    5    8    1    0.167804D-03
  1  1  1  3  2  1    2    2    2    5    8    2    0.181701D-03
  1  1  1  3  2  1    2    2    2    5    8    3    0.189773D-03
  1  1  1  3  2  1    2    2    2    5    8    4    0.172914D-03
  1  1  1  3  2  1    2    2    2    5    8    5    0.184339D-03
  1  1  1  3  2  1    2    2    2    5    8    6    0.158032D-03
  1  1  1  3  2  1    2    2    2    5    8    7    0.178181D-03
  1  1  1  3  2  1    2    2    2    5    8    8    0.187029D-03
  1  1  1  3  2  1    2    2    2    5    8    9    0.162845D-03
  1  1  1  3  2  1    2    2    2    5    9    1    0.144604D-03
  1  1  1  3  2  1    2    2    2    5    9    2    0.156579D-03
  1  1  1  3  2  1    2    2    2    5    9    3    0.163535D-03
  1  1  1  3  2  1    2    2    2    5    9    4    0.149007D-03
  1  1  1  3  2  1    2    2    2    5    9    5    0.158853D-03
  1  1  1  3  2  1    2    2    2    5    9    6    0.136183D-03
  1  1  1  3  2  1    2    2    2    5    9    7    0.153545D-03
  1  1  1  3  2  1    2    2    2    5    9    8    0.161171D-03
  1  1  1  3  2  1    2    2    2    5    9    9    0.140330D-03
  1  1  1  3  2  1    2    2    2    6    1    1    0.155650D-03
  1  1  1  3  2  1    2    2    2    6    1    2    0.168541D-03
  1  1  1  3  2  1    2    2    2    6    1    3    0.176027D-03
  1  1  1  3  2  1    2    2    2    6    1    4    0.160390D-03
  1  1  1  3  2  1    2    2    2    6    1    5    0.170987D-03
  1  1  1  3  2  1    2    2    2    6    1    6    0.146586D-03
  1  1  1  3  2  1    2    2    2    6    1    7    0.165275D-03
  1  1  1  3  2  1    2    2    2    6    1    8    0.173483D-03
  1  1  1  3  2  1    2    2    2    6    1    9    0.151050D-03
  1  1  1  3  2  1    2    2    2    6    2    1    0.170308D-03
  1  1  1  3  2  1    2    2    2    6    2    2    0.184413D-03
  1  1  1  3  2  1    2    2    2    6    2    3    0.192605D-03
  1  1  1  3  2  1    2    2    2    6    2    4    0.175495D-03
  1  1  1  3  2  1    2    2    2    6    2    5    0.187090D-03
  1  1  1  3  2  1    2    2    2    6    2    6    0.160390D-03
  1  1  1  3  2  1    2    2    2    6    2    7    0.180839D-03
  1  1  1  3  2  1    2    2    2    6    2    8    0.189820D-03
  1  1  1  3  2  1    2    2    2    6    2    9    0.165275D-03
  1  1  1  3  2  1    2    2    2    6    3    1    0.177847D-03
  1  1  1  3  2  1    2    2    2    6    3    2    0.192576D-03
  1  1  1  3  2  1    2    2    2    6    3    3    0.201131D-03
  1  1  1  3  2  1    2    2    2    6    3    4    0.183263D-03
  1  1  1  3  2  1    2    2    2    6    3    5    0.195372D-03
  1  1  1  3  2  1    2    2    2    6    3    6    0.167490D-03
  1  1  1  3  2  1    2    2    2    6    3    7    0.188844D-03
  1  1  1  3  2  1    2    2    2    6    3    8    0.198223D-03
  1  1  1  3  2  1    2    2    2    6    3    9    0.172591D-03
  1  1  1  3  2  1    2    2    2    6    4    1    0.160390D-03
  1  1  1  3  2  1    2    2    2    6    4    2    0.173673D-03
  1  1  1  3  2  1    2    2    2    6    4    3    0.181388D-03
  1  1  1  3  2  1    2    2    2    6    4    4    0.165275D-03
  1  1  1  3  2  1    2    2    2    6    4    5    0.176195D-03
  1  1  1  3  2  1    2    2    2    6    4    6    0.151050D-03
  1  1  1  3  2  1    2    2    2    6    4    7    0.170308D-03
  1  1  1  3  2  1    2    2    2    6    4    8    0.178766D-03
  1  1  1  3  2  1    2    2    2    6    4    9    0.155650D-03
  1  1  1  3  2  1    2    2    2    6    5    1    0.172772D-03
  1  1  1  3  2  1    2    2    2    6    5    2    0.187081D-03
  1  1  1  3  2  1    2    2    2    6    5    3    0.195391D-03
  1  1  1  3  2  1    2    2    2    6    5    4    0.178034D-03
  1  1  1  3  2  1    2    2    2    6    5    5    0.189797D-03
  1  1  1  3  2  1    2    2    2    6    5    6    0.162711D-03
  1  1  1  3  2  1    2    2    2    6    5    7    0.183456D-03
  1  1  1  3  2  1    2    2    2    6    5    8    0.192566D-03
  1  1  1  3  2  1    2    2    2    6    5    9    0.167666D-03
  1  1  1  3  2  1    2    2    2    6    6    1    0.180460D-03
  1  1  1  3  2  1    2    2    2    6    6    2    0.195406D-03
  1  1  1  3  2  1    2    2    2    6    6    3    0.204086D-03
  1  1  1  3  2  1    2    2    2    6    6    4    0.185956D-03
  1  1  1  3  2  1    2    2    2    6    6    5    0.198243D-03
  1  1  1  3  2  1    2    2    2    6    6    6    0.169951D-03
  1  1  1  3  2  1    2    2    2    6    6    7    0.191619D-03
  1  1  1  3  2  1    2    2    2    6    6    8    0.201136D-03
  1  1  1  3  2  1    2    2    2    6    6    9    0.175127D-03
  1  1  1  3  2  1    2    2    2    6    7    1    0.165275D-03
  1  1  1  3  2  1    2    2    2    6    7    2    0.178963D-03
  1  1  1  3  2  1    2    2    2    6    7    3    0.186912D-03
  1  1  1  3  2  1    2    2    2    6    7    4    0.170308D-03
  1  1  1  3  2  1    2    2    2    6    7    5    0.181561D-03
  1  1  1  3  2  1    2    2    2    6    7    6    0.155650D-03
  1  1  1  3  2  1    2    2    2    6    7    7    0.175495D-03
  1  1  1  3  2  1    2    2    2    6    7    8    0.184210D-03
  1  1  1  3  2  1    2    2    2    6    7    9    0.160390D-03
  1  1  1  3  2  1    2    2    2    6    8    1    0.175285D-03
  1  1  1  3  2  1    2    2    2    6    8    2    0.189801D-03
  1  1  1  3  2  1    2    2    2    6    8    3    0.198233D-03
  1  1  1  3  2  1    2    2    2    6    8    4    0.180623D-03
  1  1  1  3  2  1    2    2    2    6    8    5    0.192557D-03
  1  1  1  3  2  1    2    2    2    6    8    6    0.165077D-03
  1  1  1  3  2  1    2    2    2    6    8    7    0.186124D-03
  1  1  1  3  2  1    2    2    2    6    8    8    0.195367D-03
  1  1  1  3  2  1    2    2    2    6    8    9    0.170104D-03
  1  1  1  3  2  1    2    2    2    6    9    1    0.151050D-03
  1  1  1  3  2  1    2    2    2    6    9    2    0.163559D-03
  1  1  1  3  2  1    2    2    2    6    9    3    0.170825D-03
  1  1  1  3  2  1    2    2    2    6    9    4    0.155650D-03
  1  1  1  3  2  1    2    2    2    6    9    5    0.165934D-03
  1  1  1  3  2  1    2    2    2    6    9    6    0.142253D-03
  1  1  1  3  2  1    2    2    2    6    9    7    0.160390D-03
  1  1  1  3  2  1    2    2    2    6    9    8    0.168355D-03
  1  1  1  3  2  1    2    2    2    6    9    9    0.146586D-03
  1  1  1  3  2  1    2    2    2    7    1    1    0.143284D-03
  1  1  1  3  2  1    2    2    2    7    1    2    0.155151D-03
  1  1  1  3  2  1    2    2    2    7    1    3    0.162043D-03
  1  1  1  3  2  1    2    2    2    7    1    4    0.147648D-03
  1  1  1  3  2  1    2    2    2    7    1    5    0.157403D-03
  1  1  1  3  2  1    2    2    2    7    1    6    0.134940D-03
  1  1  1  3  2  1    2    2    2    7    1    7    0.152144D-03
  1  1  1  3  2  1    2    2    2    7    1    8    0.159700D-03
  1  1  1  3  2  1    2    2    2    7    1    9    0.139049D-03
  1  1  1  3  2  1    2    2    2    7    2    1    0.156778D-03
  1  1  1  3  2  1    2    2    2    7    2    2    0.169762D-03
  1  1  1  3  2  1    2    2    2    7    2    3    0.177303D-03
  1  1  1  3  2  1    2    2    2    7    2    4    0.161552D-03
  1  1  1  3  2  1    2    2    2    7    2    5    0.172226D-03
  1  1  1  3  2  1    2    2    2    7    2    6    0.147648D-03
  1  1  1  3  2  1    2    2    2    7    2    7    0.166472D-03
  1  1  1  3  2  1    2    2    2    7    2    8    0.174740D-03
  1  1  1  3  2  1    2    2    2    7    2    9    0.152144D-03
  1  1  1  3  2  1    2    2    2    7    3    1    0.163718D-03
  1  1  1  3  2  1    2    2    2    7    3    2    0.177276D-03
  1  1  1  3  2  1    2    2    2    7    3    3    0.185151D-03
  1  1  1  3  2  1    2    2    2    7    3    4    0.168703D-03
  1  1  1  3  2  1    2    2    2    7    3    5    0.179850D-03
  1  1  1  3  2  1    2    2    2    7    3    6    0.154183D-03
  1  1  1  3  2  1    2    2    2    7    3    7    0.173841D-03
  1  1  1  3  2  1    2    2    2    7    3    8    0.182475D-03
  1  1  1  3  2  1    2    2    2    7    3    9    0.158879D-03
  1  1  1  3  2  1    2    2    2    7    4    1    0.147648D-03
  1  1  1  3  2  1    2    2    2    7    4    2    0.159876D-03
  1  1  1  3  2  1    2    2    2    7    4    3    0.166978D-03
  1  1  1  3  2  1    2    2    2    7    4    4    0.152144D-03
  1  1  1  3  2  1    2    2    2    7    4    5    0.162197D-03
  1  1  1  3  2  1    2    2    2    7    4    6    0.139049D-03
  1  1  1  3  2  1    2    2    2    7    4    7    0.156778D-03
  1  1  1  3  2  1    2    2    2    7    4    8    0.164564D-03
  1  1  1  3  2  1    2    2    2    7    4    9    0.143284D-03
  1  1  1  3  2  1    2    2    2    7    5    1    0.159046D-03
  1  1  1  3  2  1    2    2    2    7    5    2    0.172218D-03
  1  1  1  3  2  1    2    2    2    7    5    3    0.179868D-03
  1  1  1  3  2  1    2    2    2    7    5    4    0.163889D-03
  1  1  1  3  2  1    2    2    2    7    5    5    0.174718D-03
  1  1  1  3  2  1    2    2    2    7    5    6    0.149784D-03
  1  1  1  3  2  1    2    2    2    7    5    7    0.168881D-03
  1  1  1  3  2  1    2    2    2    7    5    8    0.177267D-03
  1  1  1  3  2  1    2    2    2    7    5    9    0.154345D-03
  1  1  1  3  2  1    2    2    2    7    6    1    0.166123D-03
  1  1  1  3  2  1    2    2    2    7    6    2    0.179881D-03
  1  1  1  3  2  1    2    2    2    7    6    3    0.187872D-03
  1  1  1  3  2  1    2    2    2    7    6    4    0.171182D-03
  1  1  1  3  2  1    2    2    2    7    6    5    0.182493D-03
  1  1  1  3  2  1    2    2    2    7    6    6    0.156449D-03
  1  1  1  3  2  1    2    2    2    7    6    7    0.176396D-03
  1  1  1  3  2  1    2    2    2    7    6    8    0.185156D-03
  1  1  1  3  2  1    2    2    2    7    6    9    0.161214D-03
  1  1  1  3  2  1    2    2    2    7    7    1    0.152144D-03
  1  1  1  3  2  1    2    2    2    7    7    2    0.164744D-03
  1  1  1  3  2  1    2    2    2    7    7    3    0.172063D-03
  1  1  1  3  2  1    2    2    2    7    7    4    0.156778D-03
  1  1  1  3  2  1    2    2    2    7    7    5    0.167136D-03
  1  1  1  3  2  1    2    2    2    7    7    6    0.143284D-03
  1  1  1  3  2  1    2    2    2    7    7    7    0.161552D-03
  1  1  1  3  2  1    2    2    2    7    7    8    0.169575D-03
  1  1  1  3  2  1    2    2    2    7    7    9    0.147648D-03
  1  1  1  3  2  1    2    2    2    7    8    1    0.161359D-03
  1  1  1  3  2  1    2    2    2    7    8    2    0.174722D-03
  1  1  1  3  2  1    2    2    2    7    8    3    0.182484D-03
  1  1  1  3  2  1    2    2    2    7    8    4    0.166273D-03
  1  1  1  3  2  1    2    2    2    7    8    5    0.177259D-03
  1  1  1  3  2  1    2    2    2    7    8    6    0.151962D-03
  1  1  1  3  2  1    2    2    2    7    8    7    0.171337D-03
  1  1  1  3  2  1    2    2    2    7    8    8    0.179845D-03
  1  1  1  3  2  1    2    2    2    7    8    9    0.156590D-03
  1  1  1  3  2  1    2    2    2    7    9    1    0.139049D-03
  1  1  1  3  2  1    2    2    2    7    9    2    0.150565D-03
  1  1  1  3  2  1    2    2    2    7    9    3    0.157254D-03
  1  1  1  3  2  1    2    2    2    7    9    4    0.143284D-03
  1  1  1  3  2  1    2    2    2    7    9    5    0.152751D-03
  1  1  1  3  2  1    2    2    2    7    9    6    0.130952D-03
  1  1  1  3  2  1    2    2    2    7    9    7    0.147648D-03
  1  1  1  3  2  1    2    2    2    7    9    8    0.154980D-03
  1  1  1  3  2  1    2    2    2    7    9    9    0.134940D-03
  1  1  1  3  2  1    2    2    2    8    1    1    0.151178D-03
  1  1  1  3  2  1    2    2    2    8    1    2    0.163698D-03
  1  1  1  3  2  1    2    2    2    8    1    3    0.170970D-03
  1  1  1  3  2  1    2    2    2    8    1    4    0.155782D-03
  1  1  1  3  2  1    2    2    2    8    1    5    0.166075D-03
  1  1  1  3  2  1    2    2    2    8    1    6    0.142374D-03
  1  1  1  3  2  1    2    2    2    8    1    7    0.160526D-03
  1  1  1  3  2  1    2    2    2    8    1    8    0.168499D-03
  1  1  1  3  2  1    2    2    2    8    1    9    0.146710D-03
  1  1  1  3  2  1    2    2    2    8    2    1    0.165415D-03
  1  1  1  3  2  1    2    2    2    8    2    2    0.179115D-03
  1  1  1  3  2  1    2    2    2    8    2    3    0.187071D-03
  1  1  1  3  2  1    2    2    2    8    2    4    0.170453D-03
  1  1  1  3  2  1    2    2    2    8    2    5    0.181715D-03
  1  1  1  3  2  1    2    2    2    8    2    6    0.155782D-03
  1  1  1  3  2  1    2    2    2    8    2    7    0.175644D-03
  1  1  1  3  2  1    2    2    2    8    2    8    0.184367D-03
  1  1  1  3  2  1    2    2    2    8    2    9    0.160526D-03
  1  1  1  3  2  1    2    2    2    8    3    1    0.172737D-03
  1  1  1  3  2  1    2    2    2    8    3    2    0.187043D-03
  1  1  1  3  2  1    2    2    2    8    3    3    0.195352D-03
  1  1  1  3  2  1    2    2    2    8    3    4    0.177998D-03
  1  1  1  3  2  1    2    2    2    8    3    5    0.189759D-03
  1  1  1  3  2  1    2    2    2    8    3    6    0.162678D-03
  1  1  1  3  2  1    2    2    2    8    3    7    0.183419D-03
  1  1  1  3  2  1    2    2    2    8    3    8    0.192528D-03
  1  1  1  3  2  1    2    2    2    8    3    9    0.167632D-03
  1  1  1  3  2  1    2    2    2    8    4    1    0.155782D-03
  1  1  1  3  2  1    2    2    2    8    4    2    0.168684D-03
  1  1  1  3  2  1    2    2    2    8    4    3    0.176177D-03
  1  1  1  3  2  1    2    2    2    8    4    4    0.160526D-03
  1  1  1  3  2  1    2    2    2    8    4    5    0.171133D-03
  1  1  1  3  2  1    2    2    2    8    4    6    0.146710D-03
  1  1  1  3  2  1    2    2    2    8    4    7    0.165415D-03
  1  1  1  3  2  1    2    2    2    8    4    8    0.173630D-03
  1  1  1  3  2  1    2    2    2    8    4    9    0.151178D-03
  1  1  1  3  2  1    2    2    2    8    5    1    0.167808D-03
  1  1  1  3  2  1    2    2    2    8    5    2    0.181706D-03
  1  1  1  3  2  1    2    2    2    8    5    3    0.189778D-03
  1  1  1  3  2  1    2    2    2    8    5    4    0.172919D-03
  1  1  1  3  2  1    2    2    2    8    5    5    0.184344D-03
  1  1  1  3  2  1    2    2    2    8    5    6    0.158036D-03
  1  1  1  3  2  1    2    2    2    8    5    7    0.178185D-03
  1  1  1  3  2  1    2    2    2    8    5    8    0.187034D-03
  1  1  1  3  2  1    2    2    2    8    5    9    0.162849D-03
  1  1  1  3  2  1    2    2    2    8    6    1    0.175276D-03
  1  1  1  3  2  1    2    2    2    8    6    2    0.189792D-03
  1  1  1  3  2  1    2    2    2    8    6    3    0.198223D-03
  1  1  1  3  2  1    2    2    2    8    6    4    0.180614D-03
  1  1  1  3  2  1    2    2    2    8    6    5    0.192547D-03
  1  1  1  3  2  1    2    2    2    8    6    6    0.165069D-03
  1  1  1  3  2  1    2    2    2    8    6    7    0.186114D-03
  1  1  1  3  2  1    2    2    2    8    6    8    0.195357D-03
  1  1  1  3  2  1    2    2    2    8    6    9    0.170096D-03
  1  1  1  3  2  1    2    2    2    8    7    1    0.160526D-03
  1  1  1  3  2  1    2    2    2    8    7    2    0.173821D-03
  1  1  1  3  2  1    2    2    2    8    7    3    0.181542D-03
  1  1  1  3  2  1    2    2    2    8    7    4    0.165415D-03
  1  1  1  3  2  1    2    2    2    8    7    5    0.176344D-03
  1  1  1  3  2  1    2    2    2    8    7    6    0.151178D-03
  1  1  1  3  2  1    2    2    2    8    7    7    0.170453D-03
  1  1  1  3  2  1    2    2    2    8    7    8    0.178918D-03
  1  1  1  3  2  1    2    2    2    8    7    9    0.155782D-03
  1  1  1  3  2  1    2    2    2    8    8    1    0.170249D-03
  1  1  1  3  2  1    2    2    2    8    8    2    0.184348D-03
  1  1  1  3  2  1    2    2    2    8    8    3    0.192537D-03
  1  1  1  3  2  1    2    2    2    8    8    4    0.175434D-03
  1  1  1  3  2  1    2    2    2    8    8    5    0.187025D-03
  1  1  1  3  2  1    2    2    2    8    8    6    0.160334D-03
  1  1  1  3  2  1    2    2    2    8    8    7    0.180776D-03
  1  1  1  3  2  1    2    2    2    8    8    8    0.189754D-03
  1  1  1  3  2  1    2    2    2    8    8    9    0.165217D-03
  1  1  1  3  2  1    2    2    2    8    9    1    0.146710D-03
  1  1  1  3  2  1    2    2    2    8    9    2    0.158860D-03
  1  1  1  3  2  1    2    2    2    8    9    3    0.165917D-03
  1  1  1  3  2  1    2    2    2    8    9    4    0.151178D-03
  1  1  1  3  2  1    2    2    2    8    9    5    0.161167D-03
  1  1  1  3  2  1    2    2    2    8    9    6    0.138166D-03
  1  1  1  3  2  1    2    2    2    8    9    7    0.155782D-03
  1  1  1  3  2  1    2    2    2    8    9    8    0.163519D-03
  1  1  1  3  2  1    2    2    2    8    9    9    0.142374D-03
  1  1  1  3  2  1    2    2    2    9    1    1    0.130952D-03
  1  1  1  3  2  1    2    2    2    9    1    2    0.141797D-03
  1  1  1  3  2  1    2    2    2    9    1    3    0.148096D-03
  1  1  1  3  2  1    2    2    2    9    1    4    0.134940D-03
  1  1  1  3  2  1    2    2    2    9    1    5    0.143855D-03
  1  1  1  3  2  1    2    2    2    9    1    6    0.123326D-03
  1  1  1  3  2  1    2    2    2    9    1    7    0.139049D-03
  1  1  1  3  2  1    2    2    2    9    1    8    0.145955D-03
  1  1  1  3  2  1    2    2    2    9    1    9    0.127081D-03
  1  1  1  3  2  1    2    2    2    9    2    1    0.143284D-03
  1  1  1  3  2  1    2    2    2    9    2    2    0.155151D-03
  1  1  1  3  2  1    2    2    2    9    2    3    0.162043D-03
  1  1  1  3  2  1    2    2    2    9    2    4    0.147648D-03
  1  1  1  3  2  1    2    2    2    9    2    5    0.157403D-03
  1  1  1  3  2  1    2    2    2    9    2    6    0.134940D-03
  1  1  1  3  2  1    2    2    2    9    2    7    0.152144D-03
  1  1  1  3  2  1    2    2    2    9    2    8    0.159700D-03
  1  1  1  3  2  1    2    2    2    9    2    9    0.139049D-03
  1  1  1  3  2  1    2    2    2    9    3    1    0.149627D-03
  1  1  1  3  2  1    2    2    2    9    3    2    0.162018D-03
  1  1  1  3  2  1    2    2    2    9    3    3    0.169216D-03
  1  1  1  3  2  1    2    2    2    9    3    4    0.154183D-03
  1  1  1  3  2  1    2    2    2    9    3    5    0.164370D-03
  1  1  1  3  2  1    2    2    2    9    3    6    0.140913D-03
  1  1  1  3  2  1    2    2    2    9    3    7    0.158879D-03
  1  1  1  3  2  1    2    2    2    9    3    8    0.166769D-03
  1  1  1  3  2  1    2    2    2    9    3    9    0.145204D-03
  1  1  1  3  2  1    2    2    2    9    4    1    0.134940D-03
  1  1  1  3  2  1    2    2    2    9    4    2    0.146115D-03
  1  1  1  3  2  1    2    2    2    9    4    3    0.152606D-03
  1  1  1  3  2  1    2    2    2    9    4    4    0.139049D-03
  1  1  1  3  2  1    2    2    2    9    4    5    0.148236D-03
  1  1  1  3  2  1    2    2    2    9    4    6    0.127081D-03
  1  1  1  3  2  1    2    2    2    9    4    7    0.143284D-03
  1  1  1  3  2  1    2    2    2    9    4    8    0.150400D-03
  1  1  1  3  2  1    2    2    2    9    4    9    0.130952D-03
  1  1  1  3  2  1    2    2    2    9    5    1    0.145357D-03
  1  1  1  3  2  1    2    2    2    9    5    2    0.157395D-03
  1  1  1  3  2  1    2    2    2    9    5    3    0.164387D-03
  1  1  1  3  2  1    2    2    2    9    5    4    0.149784D-03
  1  1  1  3  2  1    2    2    2    9    5    5    0.159680D-03
  1  1  1  3  2  1    2    2    2    9    5    6    0.136892D-03
  1  1  1  3  2  1    2    2    2    9    5    7    0.154345D-03
  1  1  1  3  2  1    2    2    2    9    5    8    0.162010D-03
  1  1  1  3  2  1    2    2    2    9    5    9    0.141061D-03
  1  1  1  3  2  1    2    2    2    9    6    1    0.151825D-03
  1  1  1  3  2  1    2    2    2    9    6    2    0.164399D-03
  1  1  1  3  2  1    2    2    2    9    6    3    0.171702D-03
  1  1  1  3  2  1    2    2    2    9    6    4    0.156449D-03
  1  1  1  3  2  1    2    2    2    9    6    5    0.166786D-03
  1  1  1  3  2  1    2    2    2    9    6    6    0.142984D-03
  1  1  1  3  2  1    2    2    2    9    6    7    0.161214D-03
  1  1  1  3  2  1    2    2    2    9    6    8    0.169220D-03
  1  1  1  3  2  1    2    2    2    9    6    9    0.147338D-03
  1  1  1  3  2  1    2    2    2    9    7    1    0.139049D-03
  1  1  1  3  2  1    2    2    2    9    7    2    0.150565D-03
  1  1  1  3  2  1    2    2    2    9    7    3    0.157254D-03
  1  1  1  3  2  1    2    2    2    9    7    4    0.143284D-03
  1  1  1  3  2  1    2    2    2    9    7    5    0.152751D-03
  1  1  1  3  2  1    2    2    2    9    7    6    0.130952D-03
  1  1  1  3  2  1    2    2    2    9    7    7    0.147648D-03
  1  1  1  3  2  1    2    2    2    9    7    8    0.154980D-03
  1  1  1  3  2  1    2    2    2    9    7    9    0.134940D-03
  1  1  1  3  2  1    2    2    2    9    8    1    0.147471D-03
  1  1  1  3  2  1    2    2    2    9    8    2    0.159684D-03
  1  1  1  3  2  1    2    2    2    9    8    3    0.166777D-03
  1  1  1  3  2  1    2    2    2    9    8    4    0.151962D-03
  1  1  1  3  2  1    2    2    2    9    8    5    0.162002D-03
  1  1  1  3  2  1    2    2    2    9    8    6    0.138883D-03
  1  1  1  3  2  1    2    2    2    9    8    7    0.156590D-03
  1  1  1  3  2  1    2    2    2    9    8    8    0.164366D-03
  1  1  1  3  2  1    2    2    2    9    8    9    0.143112D-03
  1  1  1  3  2  1    2    2    2    9    9    1    0.127081D-03
  1  1  1  3  2  1    2    2    2    9    9    2    0.137606D-03
  1  1  1  3  2  1    2    2    2    9    9    3    0.143719D-03
  1  1  1  3  2  1    2    2    2    9    9    4    0.130952D-03
  1  1  1  3  2  1    2    2    2    9    9    5    0.139604D-03
  1  1  1  3  2  1    2    2    2    9    9    6    0.119681D-03
  1  1  1  3  2  1    2    2    2    9    9    7    0.134940D-03
  1  1  1  3  2  1    2    2    2    9    9    8    0.141641D-03
  1  1  1  3  2  1    2    2    2    9    9    9    0.123326D-03
  1  1  1  3  2  1    1    1    1    1    1    1    0.226225D-03
  1  1  1  3  2  1    1    1    1    1    1    2    0.215221D-03
  1  1  1  3  2  1    1    1    1    1    1    3    0.221775D-03
  1  1  1  3  2  1    1    1    1    1    2    1    0.229601D-03
  1  1  1  3  2  1    1    1    1    1    2    2    0.218432D-03
  1  1  1  3  2  1    1    1    1    1    2    3    0.225084D-03
  1  1  1  3  2  1    1    1    1    1    3    1    0.219539D-03
  1  1  1  3  2  1    1    1    1    1    3    2    0.208860D-03
  1  1  1  3  2  1    1    1    1    1    3    3    0.215221D-03
  1  1  1  3  2  1    1    1    1    2    1    1    0.229607D-03
  1  1  1  3  2  1    1    1    1    2    1    2    0.218438D-03
  1  1  1  3  2  1    1    1    1    2    1    3    0.225090D-03
  1  1  1  3  2  1    1    1    1    2    2    1    0.233033D-03
  1  1  1  3  2  1    1    1    1    2    2    2    0.221697D-03
  1  1  1  3  2  1    1    1    1    2    2    3    0.228449D-03
  1  1  1  3  2  1    1    1    1    2    3    1    0.222821D-03
  1  1  1  3  2  1    1    1    1    2    3    2    0.211982D-03
  1  1  1  3  2  1    1    1    1    2    3    3    0.218438D-03
  1  1  1  3  2  1    1    1    1    3    1    1    0.220655D-03
  1  1  1  3  2  1    1    1    1    3    1    2    0.209922D-03
  1  1  1  3  2  1    1    1    1    3    1    3    0.216315D-03
  1  1  1  3  2  1    1    1    1    3    2    1    0.223948D-03
  1  1  1  3  2  1    1    1    1    3    2    2    0.213054D-03
  1  1  1  3  2  1    1    1    1    3    2    3    0.219543D-03
  1  1  1  3  2  1    1    1    1    3    3    1    0.214134D-03
  1  1  1  3  2  1    1    1    1    3    3    2    0.203717D-03
  1  1  1  3  2  1    1    1    1    3    3    3    0.209922D-03
  1  1  1  3  2  1    0    0    0    1    1    1    0.242454D-03
