  1  1  1  1  1  2    2    2    2    1    1    1    0.136296D-03
  1  1  1  1  1  2    2    2    2    1    1    2    0.149132D-03
  1  1  1  1  1  2    2    2    2    1    1    3    0.155733D-03
  1  1  1  1  1  2    2    2    2    1    1    4    0.140447D-03
  1  1  1  1  1  2    2    2    2    1    1    5    0.151289D-03
  1  1  1  1  1  2    2    2    2    1    1    6    0.158021D-03
  1  1  1  1  1  2    2    2    2    1    1    7    0.144724D-03
  1  1  1  1  1  2    2    2    2    1    1    8    0.153489D-03
  1  1  1  1  1  2    2    2    2    1    1    9    0.132268D-03
  1  1  1  1  1  2    2    2    2    1    2    1    0.147584D-03
  1  1  1  1  1  2    2    2    2    1    2    2    0.161482D-03
  1  1  1  1  1  2    2    2    2    1    2    3    0.168630D-03
  1  1  1  1  1  2    2    2    2    1    2    4    0.152078D-03
  1  1  1  1  1  2    2    2    2    1    2    5    0.163818D-03
  1  1  1  1  1  2    2    2    2    1    2    6    0.171108D-03
  1  1  1  1  1  2    2    2    2    1    2    7    0.156710D-03
  1  1  1  1  1  2    2    2    2    1    2    8    0.166201D-03
  1  1  1  1  1  2    2    2    2    1    2    9    0.143222D-03
  1  1  1  1  1  2    2    2    2    1    3    1    0.154140D-03
  1  1  1  1  1  2    2    2    2    1    3    2    0.168656D-03
  1  1  1  1  1  2    2    2    2    1    3    3    0.176121D-03
  1  1  1  1  1  2    2    2    2    1    3    4    0.158834D-03
  1  1  1  1  1  2    2    2    2    1    3    5    0.171096D-03
  1  1  1  1  1  2    2    2    2    1    3    6    0.178709D-03
  1  1  1  1  1  2    2    2    2    1    3    7    0.163671D-03
  1  1  1  1  1  2    2    2    2    1    3    8    0.173584D-03
  1  1  1  1  1  2    2    2    2    1    3    9    0.149584D-03
  1  1  1  1  1  2    2    2    2    1    4    1    0.140447D-03
  1  1  1  1  1  2    2    2    2    1    4    2    0.153673D-03
  1  1  1  1  1  2    2    2    2    1    4    3    0.160476D-03
  1  1  1  1  1  2    2    2    2    1    4    4    0.144724D-03
  1  1  1  1  1  2    2    2    2    1    4    5    0.155896D-03
  1  1  1  1  1  2    2    2    2    1    4    6    0.162834D-03
  1  1  1  1  1  2    2    2    2    1    4    7    0.149132D-03
  1  1  1  1  1  2    2    2    2    1    4    8    0.158164D-03
  1  1  1  1  1  2    2    2    2    1    4    9    0.136296D-03
  1  1  1  1  1  2    2    2    2    1    5    1    0.149726D-03
  1  1  1  1  1  2    2    2    2    1    5    2    0.163827D-03
  1  1  1  1  1  2    2    2    2    1    5    3    0.171079D-03
  1  1  1  1  1  2    2    2    2    1    5    4    0.154286D-03
  1  1  1  1  1  2    2    2    2    1    5    5    0.166197D-03
  1  1  1  1  1  2    2    2    2    1    5    6    0.173592D-03
  1  1  1  1  1  2    2    2    2    1    5    7    0.158985D-03
  1  1  1  1  1  2    2    2    2    1    5    8    0.168614D-03
  1  1  1  1  1  2    2    2    2    1    5    9    0.145301D-03
  1  1  1  1  1  2    2    2    2    1    6    1    0.128359D-03
  1  1  1  1  1  2    2    2    2    1    6    2    0.140447D-03
  1  1  1  1  1  2    2    2    2    1    6    3    0.146664D-03
  1  1  1  1  1  2    2    2    2    1    6    4    0.132268D-03
  1  1  1  1  1  2    2    2    2    1    6    5    0.142479D-03
  1  1  1  1  1  2    2    2    2    1    6    6    0.148819D-03
  1  1  1  1  1  2    2    2    2    1    6    7    0.136296D-03
  1  1  1  1  1  2    2    2    2    1    6    8    0.144551D-03
  1  1  1  1  1  2    2    2    2    1    6    9    0.124565D-03
  1  1  1  1  1  2    2    2    2    1    7    1    0.144724D-03
  1  1  1  1  1  2    2    2    2    1    7    2    0.158353D-03
  1  1  1  1  1  2    2    2    2    1    7    3    0.165363D-03
  1  1  1  1  1  2    2    2    2    1    7    4    0.149132D-03
  1  1  1  1  1  2    2    2    2    1    7    5    0.160644D-03
  1  1  1  1  1  2    2    2    2    1    7    6    0.167793D-03
  1  1  1  1  1  2    2    2    2    1    7    7    0.153673D-03
  1  1  1  1  1  2    2    2    2    1    7    8    0.162980D-03
  1  1  1  1  1  2    2    2    2    1    7    9    0.140447D-03
  1  1  1  1  1  2    2    2    2    1    8    1    0.151911D-03
  1  1  1  1  1  2    2    2    2    1    8    2    0.166217D-03
  1  1  1  1  1  2    2    2    2    1    8    3    0.173575D-03
  1  1  1  1  1  2    2    2    2    1    8    4    0.156538D-03
  1  1  1  1  1  2    2    2    2    1    8    5    0.168622D-03
  1  1  1  1  1  2    2    2    2    1    8    6    0.176126D-03
  1  1  1  1  1  2    2    2    2    1    8    7    0.161305D-03
  1  1  1  1  1  2    2    2    2    1    8    8    0.171074D-03
  1  1  1  1  1  2    2    2    2    1    8    9    0.147422D-03
  1  1  1  1  1  2    2    2    2    1    9    1    0.132268D-03
  1  1  1  1  1  2    2    2    2    1    9    2    0.144724D-03
  1  1  1  1  1  2    2    2    2    1    9    3    0.151130D-03
  1  1  1  1  1  2    2    2    2    1    9    4    0.136296D-03
  1  1  1  1  1  2    2    2    2    1    9    5    0.146818D-03
  1  1  1  1  1  2    2    2    2    1    9    6    0.153351D-03
  1  1  1  1  1  2    2    2    2    1    9    7    0.140447D-03
  1  1  1  1  1  2    2    2    2    1    9    8    0.148953D-03
  1  1  1  1  1  2    2    2    2    1    9    9    0.128359D-03
  1  1  1  1  1  2    2    2    2    2    1    1    0.147584D-03
  1  1  1  1  1  2    2    2    2    2    1    2    0.161482D-03
  1  1  1  1  1  2    2    2    2    2    1    3    0.168630D-03
  1  1  1  1  1  2    2    2    2    2    1    4    0.152078D-03
  1  1  1  1  1  2    2    2    2    2    1    5    0.163818D-03
  1  1  1  1  1  2    2    2    2    2    1    6    0.171108D-03
  1  1  1  1  1  2    2    2    2    2    1    7    0.156710D-03
  1  1  1  1  1  2    2    2    2    2    1    8    0.166201D-03
  1  1  1  1  1  2    2    2    2    2    1    9    0.143222D-03
  1  1  1  1  1  2    2    2    2    2    2    1    0.159806D-03
  1  1  1  1  1  2    2    2    2    2    2    2    0.174856D-03
  1  1  1  1  1  2    2    2    2    2    2    3    0.182596D-03
  1  1  1  1  1  2    2    2    2    2    2    4    0.164673D-03
  1  1  1  1  1  2    2    2    2    2    2    5    0.177386D-03
  1  1  1  1  1  2    2    2    2    2    2    6    0.185279D-03
  1  1  1  1  1  2    2    2    2    2    2    7    0.169688D-03
  1  1  1  1  1  2    2    2    2    2    2    8    0.179965D-03
  1  1  1  1  1  2    2    2    2    2    2    9    0.155083D-03
  1  1  1  1  1  2    2    2    2    2    3    1    0.166905D-03
  1  1  1  1  1  2    2    2    2    2    3    2    0.182623D-03
  1  1  1  1  1  2    2    2    2    2    3    3    0.190707D-03
  1  1  1  1  1  2    2    2    2    2    3    4    0.171988D-03
  1  1  1  1  1  2    2    2    2    2    3    5    0.185265D-03
  1  1  1  1  1  2    2    2    2    2    3    6    0.193510D-03
  1  1  1  1  1  2    2    2    2    2    3    7    0.177226D-03
  1  1  1  1  1  2    2    2    2    2    3    8    0.187960D-03
  1  1  1  1  1  2    2    2    2    2    3    9    0.161972D-03
  1  1  1  1  1  2    2    2    2    2    4    1    0.152078D-03
  1  1  1  1  1  2    2    2    2    2    4    2    0.166400D-03
  1  1  1  1  1  2    2    2    2    2    4    3    0.173766D-03
  1  1  1  1  1  2    2    2    2    2    4    4    0.156710D-03
  1  1  1  1  1  2    2    2    2    2    4    5    0.168807D-03
  1  1  1  1  1  2    2    2    2    2    4    6    0.176319D-03
  1  1  1  1  1  2    2    2    2    2    4    7    0.161482D-03
  1  1  1  1  1  2    2    2    2    2    4    8    0.171262D-03
  1  1  1  1  1  2    2    2    2    2    4    9    0.147584D-03
  1  1  1  1  1  2    2    2    2    2    5    1    0.162126D-03
  1  1  1  1  1  2    2    2    2    2    5    2    0.177394D-03
  1  1  1  1  1  2    2    2    2    2    5    3    0.185247D-03
  1  1  1  1  1  2    2    2    2    2    5    4    0.167064D-03
  1  1  1  1  1  2    2    2    2    2    5    5    0.179961D-03
  1  1  1  1  1  2    2    2    2    2    5    6    0.187969D-03
  1  1  1  1  1  2    2    2    2    2    5    7    0.172152D-03
  1  1  1  1  1  2    2    2    2    2    5    8    0.182578D-03
  1  1  1  1  1  2    2    2    2    2    5    9    0.157335D-03
  1  1  1  1  1  2    2    2    2    2    6    1    0.138989D-03
  1  1  1  1  1  2    2    2    2    2    6    2    0.152078D-03
  1  1  1  1  1  2    2    2    2    2    6    3    0.158810D-03
  1  1  1  1  1  2    2    2    2    2    6    4    0.143222D-03
  1  1  1  1  1  2    2    2    2    2    6    5    0.154278D-03
  1  1  1  1  1  2    2    2    2    2    6    6    0.161144D-03
  1  1  1  1  1  2    2    2    2    2    6    7    0.147584D-03
  1  1  1  1  1  2    2    2    2    2    6    8    0.156522D-03
  1  1  1  1  1  2    2    2    2    2    6    9    0.134881D-03
  1  1  1  1  1  2    2    2    2    2    7    1    0.156710D-03
  1  1  1  1  1  2    2    2    2    2    7    2    0.171468D-03
  1  1  1  1  1  2    2    2    2    2    7    3    0.179058D-03
  1  1  1  1  1  2    2    2    2    2    7    4    0.161482D-03
  1  1  1  1  1  2    2    2    2    2    7    5    0.173948D-03
  1  1  1  1  1  2    2    2    2    2    7    6    0.181689D-03
  1  1  1  1  1  2    2    2    2    2    7    7    0.166400D-03
  1  1  1  1  1  2    2    2    2    2    7    8    0.176478D-03
  1  1  1  1  1  2    2    2    2    2    7    9    0.152078D-03
  1  1  1  1  1  2    2    2    2    2    8    1    0.164492D-03
  1  1  1  1  1  2    2    2    2    2    8    2    0.179983D-03
  1  1  1  1  1  2    2    2    2    2    8    3    0.187950D-03
  1  1  1  1  1  2    2    2    2    2    8    4    0.169502D-03
  1  1  1  1  1  2    2    2    2    2    8    5    0.182587D-03
  1  1  1  1  1  2    2    2    2    2    8    6    0.190712D-03
  1  1  1  1  1  2    2    2    2    2    8    7    0.174664D-03
  1  1  1  1  1  2    2    2    2    2    8    8    0.185242D-03
  1  1  1  1  1  2    2    2    2    2    8    9    0.159631D-03
  1  1  1  1  1  2    2    2    2    2    9    1    0.143222D-03
  1  1  1  1  1  2    2    2    2    2    9    2    0.156710D-03
  1  1  1  1  1  2    2    2    2    2    9    3    0.163647D-03
  1  1  1  1  1  2    2    2    2    2    9    4    0.147584D-03
  1  1  1  1  1  2    2    2    2    2    9    5    0.158977D-03
  1  1  1  1  1  2    2    2    2    2    9    6    0.166051D-03
  1  1  1  1  1  2    2    2    2    2    9    7    0.152078D-03
  1  1  1  1  1  2    2    2    2    2    9    8    0.161289D-03
  1  1  1  1  1  2    2    2    2    2    9    9    0.138989D-03
  1  1  1  1  1  2    2    2    2    3    1    1    0.154140D-03
  1  1  1  1  1  2    2    2    2    3    1    2    0.168656D-03
  1  1  1  1  1  2    2    2    2    3    1    3    0.176121D-03
  1  1  1  1  1  2    2    2    2    3    1    4    0.158834D-03
  1  1  1  1  1  2    2    2    2    3    1    5    0.171096D-03
  1  1  1  1  1  2    2    2    2    3    1    6    0.178709D-03
  1  1  1  1  1  2    2    2    2    3    1    7    0.163671D-03
  1  1  1  1  1  2    2    2    2    3    1    8    0.173584D-03
  1  1  1  1  1  2    2    2    2    3    1    9    0.149584D-03
  1  1  1  1  1  2    2    2    2    3    2    1    0.166905D-03
  1  1  1  1  1  2    2    2    2    3    2    2    0.182623D-03
  1  1  1  1  1  2    2    2    2    3    2    3    0.190707D-03
  1  1  1  1  1  2    2    2    2    3    2    4    0.171988D-03
  1  1  1  1  1  2    2    2    2    3    2    5    0.185265D-03
  1  1  1  1  1  2    2    2    2    3    2    6    0.193510D-03
  1  1  1  1  1  2    2    2    2    3    2    7    0.177226D-03
  1  1  1  1  1  2    2    2    2    3    2    8    0.187960D-03
  1  1  1  1  1  2    2    2    2    3    2    9    0.161972D-03
  1  1  1  1  1  2    2    2    2    3    3    1    0.174320D-03
  1  1  1  1  1  2    2    2    2    3    3    2    0.190736D-03
  1  1  1  1  1  2    2    2    2    3    3    3    0.199179D-03
  1  1  1  1  1  2    2    2    2    3    3    4    0.179628D-03
  1  1  1  1  1  2    2    2    2    3    3    5    0.193495D-03
  1  1  1  1  1  2    2    2    2    3    3    6    0.202106D-03
  1  1  1  1  1  2    2    2    2    3    3    7    0.185099D-03
  1  1  1  1  1  2    2    2    2    3    3    8    0.196309D-03
  1  1  1  1  1  2    2    2    2    3    3    9    0.169168D-03
  1  1  1  1  1  2    2    2    2    3    4    1    0.158834D-03
  1  1  1  1  1  2    2    2    2    3    4    2    0.173792D-03
  1  1  1  1  1  2    2    2    2    3    4    3    0.181485D-03
  1  1  1  1  1  2    2    2    2    3    4    4    0.163671D-03
  1  1  1  1  1  2    2    2    2    3    4    5    0.176306D-03
  1  1  1  1  1  2    2    2    2    3    4    6    0.184152D-03
  1  1  1  1  1  2    2    2    2    3    4    7    0.168656D-03
  1  1  1  1  1  2    2    2    2    3    4    8    0.178870D-03
  1  1  1  1  1  2    2    2    2    3    4    9    0.154140D-03
  1  1  1  1  1  2    2    2    2    3    5    1    0.169328D-03
  1  1  1  1  1  2    2    2    2    3    5    2    0.185275D-03
  1  1  1  1  1  2    2    2    2    3    5    3    0.193476D-03
  1  1  1  1  1  2    2    2    2    3    5    4    0.174485D-03
  1  1  1  1  1  2    2    2    2    3    5    5    0.187955D-03
  1  1  1  1  1  2    2    2    2    3    5    6    0.196319D-03
  1  1  1  1  1  2    2    2    2    3    5    7    0.179799D-03
  1  1  1  1  1  2    2    2    2    3    5    8    0.190688D-03
  1  1  1  1  1  2    2    2    2    3    5    9    0.164324D-03
  1  1  1  1  1  2    2    2    2    3    6    1    0.145163D-03
  1  1  1  1  1  2    2    2    2    3    6    2    0.158834D-03
  1  1  1  1  1  2    2    2    2    3    6    3    0.165865D-03
  1  1  1  1  1  2    2    2    2    3    6    4    0.149584D-03
  1  1  1  1  1  2    2    2    2    3    6    5    0.161132D-03
  1  1  1  1  1  2    2    2    2    3    6    6    0.168302D-03
  1  1  1  1  1  2    2    2    2    3    6    7    0.154140D-03
  1  1  1  1  1  2    2    2    2    3    6    8    0.163475D-03
  1  1  1  1  1  2    2    2    2    3    6    9    0.140873D-03
  1  1  1  1  1  2    2    2    2    3    7    1    0.163671D-03
  1  1  1  1  1  2    2    2    2    3    7    2    0.179085D-03
  1  1  1  1  1  2    2    2    2    3    7    3    0.187012D-03
  1  1  1  1  1  2    2    2    2    3    7    4    0.168656D-03
  1  1  1  1  1  2    2    2    2    3    7    5    0.181676D-03
  1  1  1  1  1  2    2    2    2    3    7    6    0.189760D-03
  1  1  1  1  1  2    2    2    2    3    7    7    0.173792D-03
  1  1  1  1  1  2    2    2    2    3    7    8    0.184318D-03
  1  1  1  1  1  2    2    2    2    3    7    9    0.158834D-03
  1  1  1  1  1  2    2    2    2    3    8    1    0.171799D-03
  1  1  1  1  1  2    2    2    2    3    8    2    0.187978D-03
  1  1  1  1  1  2    2    2    2    3    8    3    0.196299D-03
  1  1  1  1  1  2    2    2    2    3    8    4    0.177031D-03
  1  1  1  1  1  2    2    2    2    3    8    5    0.190698D-03
  1  1  1  1  1  2    2    2    2    3    8    6    0.199184D-03
  1  1  1  1  1  2    2    2    2    3    8    7    0.182423D-03
  1  1  1  1  1  2    2    2    2    3    8    8    0.193471D-03
  1  1  1  1  1  2    2    2    2    3    8    9    0.166722D-03
  1  1  1  1  1  2    2    2    2    3    9    1    0.149584D-03
  1  1  1  1  1  2    2    2    2    3    9    2    0.163671D-03
  1  1  1  1  1  2    2    2    2    3    9    3    0.170916D-03
  1  1  1  1  1  2    2    2    2    3    9    4    0.154140D-03
  1  1  1  1  1  2    2    2    2    3    9    5    0.166039D-03
  1  1  1  1  1  2    2    2    2    3    9    6    0.173428D-03
  1  1  1  1  1  2    2    2    2    3    9    7    0.158834D-03
  1  1  1  1  1  2    2    2    2    3    9    8    0.168454D-03
  1  1  1  1  1  2    2    2    2    3    9    9    0.145163D-03
  1  1  1  1  1  2    2    2    2    4    1    1    0.140447D-03
  1  1  1  1  1  2    2    2    2    4    1    2    0.153673D-03
  1  1  1  1  1  2    2    2    2    4    1    3    0.160476D-03
  1  1  1  1  1  2    2    2    2    4    1    4    0.144724D-03
  1  1  1  1  1  2    2    2    2    4    1    5    0.155896D-03
  1  1  1  1  1  2    2    2    2    4    1    6    0.162834D-03
  1  1  1  1  1  2    2    2    2    4    1    7    0.149132D-03
  1  1  1  1  1  2    2    2    2    4    1    8    0.158164D-03
  1  1  1  1  1  2    2    2    2    4    1    9    0.136296D-03
  1  1  1  1  1  2    2    2    2    4    2    1    0.152078D-03
  1  1  1  1  1  2    2    2    2    4    2    2    0.166400D-03
  1  1  1  1  1  2    2    2    2    4    2    3    0.173766D-03
  1  1  1  1  1  2    2    2    2    4    2    4    0.156710D-03
  1  1  1  1  1  2    2    2    2    4    2    5    0.168807D-03
  1  1  1  1  1  2    2    2    2    4    2    6    0.176319D-03
  1  1  1  1  1  2    2    2    2    4    2    7    0.161482D-03
  1  1  1  1  1  2    2    2    2    4    2    8    0.171262D-03
  1  1  1  1  1  2    2    2    2    4    2    9    0.147584D-03
  1  1  1  1  1  2    2    2    2    4    3    1    0.158834D-03
  1  1  1  1  1  2    2    2    2    4    3    2    0.173792D-03
  1  1  1  1  1  2    2    2    2    4    3    3    0.181485D-03
  1  1  1  1  1  2    2    2    2    4    3    4    0.163671D-03
  1  1  1  1  1  2    2    2    2    4    3    5    0.176306D-03
  1  1  1  1  1  2    2    2    2    4    3    6    0.184152D-03
  1  1  1  1  1  2    2    2    2    4    3    7    0.168656D-03
  1  1  1  1  1  2    2    2    2    4    3    8    0.178870D-03
  1  1  1  1  1  2    2    2    2    4    3    9    0.154140D-03
  1  1  1  1  1  2    2    2    2    4    4    1    0.144724D-03
  1  1  1  1  1  2    2    2    2    4    4    2    0.158353D-03
  1  1  1  1  1  2    2    2    2    4    4    3    0.165363D-03
  1  1  1  1  1  2    2    2    2    4    4    4    0.149132D-03
  1  1  1  1  1  2    2    2    2    4    4    5    0.160644D-03
  1  1  1  1  1  2    2    2    2    4    4    6    0.167793D-03
  1  1  1  1  1  2    2    2    2    4    4    7    0.153673D-03
  1  1  1  1  1  2    2    2    2    4    4    8    0.162980D-03
  1  1  1  1  1  2    2    2    2    4    4    9    0.140447D-03
  1  1  1  1  1  2    2    2    2    4    5    1    0.154286D-03
  1  1  1  1  1  2    2    2    2    4    5    2    0.168816D-03
  1  1  1  1  1  2    2    2    2    4    5    3    0.176289D-03
  1  1  1  1  1  2    2    2    2    4    5    4    0.158985D-03
  1  1  1  1  1  2    2    2    2    4    5    5    0.171258D-03
  1  1  1  1  1  2    2    2    2    4    5    6    0.178879D-03
  1  1  1  1  1  2    2    2    2    4    5    7    0.163827D-03
  1  1  1  1  1  2    2    2    2    4    5    8    0.173749D-03
  1  1  1  1  1  2    2    2    2    4    5    9    0.149726D-03
  1  1  1  1  1  2    2    2    2    4    6    1    0.132268D-03
  1  1  1  1  1  2    2    2    2    4    6    2    0.144724D-03
  1  1  1  1  1  2    2    2    2    4    6    3    0.151130D-03
  1  1  1  1  1  2    2    2    2    4    6    4    0.136296D-03
  1  1  1  1  1  2    2    2    2    4    6    5    0.146818D-03
  1  1  1  1  1  2    2    2    2    4    6    6    0.153351D-03
  1  1  1  1  1  2    2    2    2    4    6    7    0.140447D-03
  1  1  1  1  1  2    2    2    2    4    6    8    0.148953D-03
  1  1  1  1  1  2    2    2    2    4    6    9    0.128359D-03
  1  1  1  1  1  2    2    2    2    4    7    1    0.149132D-03
  1  1  1  1  1  2    2    2    2    4    7    2    0.163176D-03
  1  1  1  1  1  2    2    2    2    4    7    3    0.170399D-03
  1  1  1  1  1  2    2    2    2    4    7    4    0.153673D-03
  1  1  1  1  1  2    2    2    2    4    7    5    0.165537D-03
  1  1  1  1  1  2    2    2    2    4    7    6    0.172903D-03
  1  1  1  1  1  2    2    2    2    4    7    7    0.158353D-03
  1  1  1  1  1  2    2    2    2    4    7    8    0.167944D-03
  1  1  1  1  1  2    2    2    2    4    7    9    0.144724D-03
  1  1  1  1  1  2    2    2    2    4    8    1    0.156538D-03
  1  1  1  1  1  2    2    2    2    4    8    2    0.171279D-03
  1  1  1  1  1  2    2    2    2    4    8    3    0.178861D-03
  1  1  1  1  1  2    2    2    2    4    8    4    0.161305D-03
  1  1  1  1  1  2    2    2    2    4    8    5    0.173757D-03
  1  1  1  1  1  2    2    2    2    4    8    6    0.181490D-03
  1  1  1  1  1  2    2    2    2    4    8    7    0.166217D-03
  1  1  1  1  1  2    2    2    2    4    8    8    0.176284D-03
  1  1  1  1  1  2    2    2    2    4    8    9    0.151911D-03
  1  1  1  1  1  2    2    2    2    4    9    1    0.136296D-03
  1  1  1  1  1  2    2    2    2    4    9    2    0.149132D-03
  1  1  1  1  1  2    2    2    2    4    9    3    0.155733D-03
  1  1  1  1  1  2    2    2    2    4    9    4    0.140447D-03
  1  1  1  1  1  2    2    2    2    4    9    5    0.151289D-03
  1  1  1  1  1  2    2    2    2    4    9    6    0.158021D-03
  1  1  1  1  1  2    2    2    2    4    9    7    0.144724D-03
  1  1  1  1  1  2    2    2    2    4    9    8    0.153489D-03
  1  1  1  1  1  2    2    2    2    4    9    9    0.132268D-03
  1  1  1  1  1  2    2    2    2    5    1    1    0.149726D-03
  1  1  1  1  1  2    2    2    2    5    1    2    0.163827D-03
  1  1  1  1  1  2    2    2    2    5    1    3    0.171079D-03
  1  1  1  1  1  2    2    2    2    5    1    4    0.154286D-03
  1  1  1  1  1  2    2    2    2    5    1    5    0.166197D-03
  1  1  1  1  1  2    2    2    2    5    1    6    0.173592D-03
  1  1  1  1  1  2    2    2    2    5    1    7    0.158985D-03
  1  1  1  1  1  2    2    2    2    5    1    8    0.168614D-03
  1  1  1  1  1  2    2    2    2    5    1    9    0.145301D-03
  1  1  1  1  1  2    2    2    2    5    2    1    0.162126D-03
  1  1  1  1  1  2    2    2    2    5    2    2    0.177394D-03
  1  1  1  1  1  2    2    2    2    5    2    3    0.185247D-03
  1  1  1  1  1  2    2    2    2    5    2    4    0.167064D-03
  1  1  1  1  1  2    2    2    2    5    2    5    0.179961D-03
  1  1  1  1  1  2    2    2    2    5    2    6    0.187969D-03
  1  1  1  1  1  2    2    2    2    5    2    7    0.172152D-03
  1  1  1  1  1  2    2    2    2    5    2    8    0.182578D-03
  1  1  1  1  1  2    2    2    2    5    2    9    0.157335D-03
  1  1  1  1  1  2    2    2    2    5    3    1    0.169328D-03
  1  1  1  1  1  2    2    2    2    5    3    2    0.185275D-03
  1  1  1  1  1  2    2    2    2    5    3    3    0.193476D-03
  1  1  1  1  1  2    2    2    2    5    3    4    0.174485D-03
  1  1  1  1  1  2    2    2    2    5    3    5    0.187955D-03
  1  1  1  1  1  2    2    2    2    5    3    6    0.196319D-03
  1  1  1  1  1  2    2    2    2    5    3    7    0.179799D-03
  1  1  1  1  1  2    2    2    2    5    3    8    0.190688D-03
  1  1  1  1  1  2    2    2    2    5    3    9    0.164324D-03
  1  1  1  1  1  2    2    2    2    5    4    1    0.154286D-03
  1  1  1  1  1  2    2    2    2    5    4    2    0.168816D-03
  1  1  1  1  1  2    2    2    2    5    4    3    0.176289D-03
  1  1  1  1  1  2    2    2    2    5    4    4    0.158985D-03
  1  1  1  1  1  2    2    2    2    5    4    5    0.171258D-03
  1  1  1  1  1  2    2    2    2    5    4    6    0.178879D-03
  1  1  1  1  1  2    2    2    2    5    4    7    0.163827D-03
  1  1  1  1  1  2    2    2    2    5    4    8    0.173749D-03
  1  1  1  1  1  2    2    2    2    5    4    9    0.149726D-03
  1  1  1  1  1  2    2    2    2    5    5    1    0.164480D-03
  1  1  1  1  1  2    2    2    2    5    5    2    0.179970D-03
  1  1  1  1  1  2    2    2    2    5    5    3    0.187936D-03
  1  1  1  1  1  2    2    2    2    5    5    4    0.169489D-03
  1  1  1  1  1  2    2    2    2    5    5    5    0.182573D-03
  1  1  1  1  1  2    2    2    2    5    5    6    0.190698D-03
  1  1  1  1  1  2    2    2    2    5    5    7    0.174651D-03
  1  1  1  1  1  2    2    2    2    5    5    8    0.185228D-03
  1  1  1  1  1  2    2    2    2    5    5    9    0.159619D-03
  1  1  1  1  1  2    2    2    2    5    6    1    0.141007D-03
  1  1  1  1  1  2    2    2    2    5    6    2    0.154286D-03
  1  1  1  1  1  2    2    2    2    5    6    3    0.161116D-03
  1  1  1  1  1  2    2    2    2    5    6    4    0.145301D-03
  1  1  1  1  1  2    2    2    2    5    6    5    0.156518D-03
  1  1  1  1  1  2    2    2    2    5    6    6    0.163483D-03
  1  1  1  1  1  2    2    2    2    5    6    7    0.149726D-03
  1  1  1  1  1  2    2    2    2    5    6    8    0.158794D-03
  1  1  1  1  1  2    2    2    2    5    6    9    0.136840D-03
  1  1  1  1  1  2    2    2    2    5    7    1    0.158985D-03
  1  1  1  1  1  2    2    2    2    5    7    2    0.173957D-03
  1  1  1  1  1  2    2    2    2    5    7    3    0.181657D-03
  1  1  1  1  1  2    2    2    2    5    7    4    0.163827D-03
  1  1  1  1  1  2    2    2    2    5    7    5    0.176474D-03
  1  1  1  1  1  2    2    2    2    5    7    6    0.184327D-03
  1  1  1  1  1  2    2    2    2    5    7    7    0.168816D-03
  1  1  1  1  1  2    2    2    2    5    7    8    0.179040D-03
  1  1  1  1  1  2    2    2    2    5    7    9    0.154286D-03
  1  1  1  1  1  2    2    2    2    5    8    1    0.166880D-03
  1  1  1  1  1  2    2    2    2    5    8    2    0.182596D-03
  1  1  1  1  1  2    2    2    2    5    8    3    0.190679D-03
  1  1  1  1  1  2    2    2    2    5    8    4    0.171963D-03
  1  1  1  1  1  2    2    2    2    5    8    5    0.185238D-03
  1  1  1  1  1  2    2    2    2    5    8    6    0.193481D-03
  1  1  1  1  1  2    2    2    2    5    8    7    0.177200D-03
  1  1  1  1  1  2    2    2    2    5    8    8    0.187932D-03
  1  1  1  1  1  2    2    2    2    5    8    9    0.161948D-03
  1  1  1  1  1  2    2    2    2    5    9    1    0.145301D-03
  1  1  1  1  1  2    2    2    2    5    9    2    0.158985D-03
  1  1  1  1  1  2    2    2    2    5    9    3    0.166022D-03
  1  1  1  1  1  2    2    2    2    5    9    4    0.149726D-03
  1  1  1  1  1  2    2    2    2    5    9    5    0.161285D-03
  1  1  1  1  1  2    2    2    2    5    9    6    0.168462D-03
  1  1  1  1  1  2    2    2    2    5    9    7    0.154286D-03
  1  1  1  1  1  2    2    2    2    5    9    8    0.163630D-03
  1  1  1  1  1  2    2    2    2    5    9    9    0.141007D-03
  1  1  1  1  1  2    2    2    2    6    1    1    0.128359D-03
  1  1  1  1  1  2    2    2    2    6    1    2    0.140447D-03
  1  1  1  1  1  2    2    2    2    6    1    3    0.146664D-03
  1  1  1  1  1  2    2    2    2    6    1    4    0.132268D-03
  1  1  1  1  1  2    2    2    2    6    1    5    0.142479D-03
  1  1  1  1  1  2    2    2    2    6    1    6    0.148819D-03
  1  1  1  1  1  2    2    2    2    6    1    7    0.136296D-03
  1  1  1  1  1  2    2    2    2    6    1    8    0.144551D-03
  1  1  1  1  1  2    2    2    2    6    1    9    0.124565D-03
  1  1  1  1  1  2    2    2    2    6    2    1    0.138989D-03
  1  1  1  1  1  2    2    2    2    6    2    2    0.152078D-03
  1  1  1  1  1  2    2    2    2    6    2    3    0.158810D-03
  1  1  1  1  1  2    2    2    2    6    2    4    0.143222D-03
  1  1  1  1  1  2    2    2    2    6    2    5    0.154278D-03
  1  1  1  1  1  2    2    2    2    6    2    6    0.161144D-03
  1  1  1  1  1  2    2    2    2    6    2    7    0.147584D-03
  1  1  1  1  1  2    2    2    2    6    2    8    0.156522D-03
  1  1  1  1  1  2    2    2    2    6    2    9    0.134881D-03
  1  1  1  1  1  2    2    2    2    6    3    1    0.145163D-03
  1  1  1  1  1  2    2    2    2    6    3    2    0.158834D-03
  1  1  1  1  1  2    2    2    2    6    3    3    0.165865D-03
  1  1  1  1  1  2    2    2    2    6    3    4    0.149584D-03
  1  1  1  1  1  2    2    2    2    6    3    5    0.161132D-03
  1  1  1  1  1  2    2    2    2    6    3    6    0.168302D-03
  1  1  1  1  1  2    2    2    2    6    3    7    0.154140D-03
  1  1  1  1  1  2    2    2    2    6    3    8    0.163475D-03
  1  1  1  1  1  2    2    2    2    6    3    9    0.140873D-03
  1  1  1  1  1  2    2    2    2    6    4    1    0.132268D-03
  1  1  1  1  1  2    2    2    2    6    4    2    0.144724D-03
  1  1  1  1  1  2    2    2    2    6    4    3    0.151130D-03
  1  1  1  1  1  2    2    2    2    6    4    4    0.136296D-03
  1  1  1  1  1  2    2    2    2    6    4    5    0.146818D-03
  1  1  1  1  1  2    2    2    2    6    4    6    0.153351D-03
  1  1  1  1  1  2    2    2    2    6    4    7    0.140447D-03
  1  1  1  1  1  2    2    2    2    6    4    8    0.148953D-03
  1  1  1  1  1  2    2    2    2    6    4    9    0.128359D-03
  1  1  1  1  1  2    2    2    2    6    5    1    0.141007D-03
  1  1  1  1  1  2    2    2    2    6    5    2    0.154286D-03
  1  1  1  1  1  2    2    2    2    6    5    3    0.161116D-03
  1  1  1  1  1  2    2    2    2    6    5    4    0.145301D-03
  1  1  1  1  1  2    2    2    2    6    5    5    0.156518D-03
  1  1  1  1  1  2    2    2    2    6    5    6    0.163483D-03
  1  1  1  1  1  2    2    2    2    6    5    7    0.149726D-03
  1  1  1  1  1  2    2    2    2    6    5    8    0.158794D-03
  1  1  1  1  1  2    2    2    2    6    5    9    0.136840D-03
  1  1  1  1  1  2    2    2    2    6    6    1    0.120884D-03
  1  1  1  1  1  2    2    2    2    6    6    2    0.132268D-03
  1  1  1  1  1  2    2    2    2    6    6    3    0.138123D-03
  1  1  1  1  1  2    2    2    2    6    6    4    0.124565D-03
  1  1  1  1  1  2    2    2    2    6    6    5    0.134181D-03
  1  1  1  1  1  2    2    2    2    6    6    6    0.140152D-03
  1  1  1  1  1  2    2    2    2    6    6    7    0.128359D-03
  1  1  1  1  1  2    2    2    2    6    6    8    0.136133D-03
  1  1  1  1  1  2    2    2    2    6    6    9    0.117311D-03
  1  1  1  1  1  2    2    2    2    6    7    1    0.136296D-03
  1  1  1  1  1  2    2    2    2    6    7    2    0.149132D-03
  1  1  1  1  1  2    2    2    2    6    7    3    0.155733D-03
  1  1  1  1  1  2    2    2    2    6    7    4    0.140447D-03
  1  1  1  1  1  2    2    2    2    6    7    5    0.151289D-03
  1  1  1  1  1  2    2    2    2    6    7    6    0.158021D-03
  1  1  1  1  1  2    2    2    2    6    7    7    0.144724D-03
  1  1  1  1  1  2    2    2    2    6    7    8    0.153489D-03
  1  1  1  1  1  2    2    2    2    6    7    9    0.132268D-03
  1  1  1  1  1  2    2    2    2    6    8    1    0.143065D-03
  1  1  1  1  1  2    2    2    2    6    8    2    0.156538D-03
  1  1  1  1  1  2    2    2    2    6    8    3    0.163467D-03
  1  1  1  1  1  2    2    2    2    6    8    4    0.147422D-03
  1  1  1  1  1  2    2    2    2    6    8    5    0.158802D-03
  1  1  1  1  1  2    2    2    2    6    8    6    0.165869D-03
  1  1  1  1  1  2    2    2    2    6    8    7    0.151911D-03
  1  1  1  1  1  2    2    2    2    6    8    8    0.161112D-03
  1  1  1  1  1  2    2    2    2    6    8    9    0.138836D-03
  1  1  1  1  1  2    2    2    2    6    9    1    0.124565D-03
  1  1  1  1  1  2    2    2    2    6    9    2    0.136296D-03
  1  1  1  1  1  2    2    2    2    6    9    3    0.142329D-03
  1  1  1  1  1  2    2    2    2    6    9    4    0.128359D-03
  1  1  1  1  1  2    2    2    2    6    9    5    0.138268D-03
  1  1  1  1  1  2    2    2    2    6    9    6    0.144421D-03
  1  1  1  1  1  2    2    2    2    6    9    7    0.132268D-03
  1  1  1  1  1  2    2    2    2    6    9    8    0.140278D-03
  1  1  1  1  1  2    2    2    2    6    9    9    0.120884D-03
  1  1  1  1  1  2    2    2    2    7    1    1    0.144724D-03
  1  1  1  1  1  2    2    2    2    7    1    2    0.158353D-03
  1  1  1  1  1  2    2    2    2    7    1    3    0.165363D-03
  1  1  1  1  1  2    2    2    2    7    1    4    0.149132D-03
  1  1  1  1  1  2    2    2    2    7    1    5    0.160644D-03
  1  1  1  1  1  2    2    2    2    7    1    6    0.167793D-03
  1  1  1  1  1  2    2    2    2    7    1    7    0.153673D-03
  1  1  1  1  1  2    2    2    2    7    1    8    0.162980D-03
  1  1  1  1  1  2    2    2    2    7    1    9    0.140447D-03
  1  1  1  1  1  2    2    2    2    7    2    1    0.156710D-03
  1  1  1  1  1  2    2    2    2    7    2    2    0.171468D-03
  1  1  1  1  1  2    2    2    2    7    2    3    0.179058D-03
  1  1  1  1  1  2    2    2    2    7    2    4    0.161482D-03
  1  1  1  1  1  2    2    2    2    7    2    5    0.173948D-03
  1  1  1  1  1  2    2    2    2    7    2    6    0.181689D-03
  1  1  1  1  1  2    2    2    2    7    2    7    0.166400D-03
  1  1  1  1  1  2    2    2    2    7    2    8    0.176478D-03
  1  1  1  1  1  2    2    2    2    7    2    9    0.152078D-03
  1  1  1  1  1  2    2    2    2    7    3    1    0.163671D-03
  1  1  1  1  1  2    2    2    2    7    3    2    0.179085D-03
  1  1  1  1  1  2    2    2    2    7    3    3    0.187012D-03
  1  1  1  1  1  2    2    2    2    7    3    4    0.168656D-03
  1  1  1  1  1  2    2    2    2    7    3    5    0.181676D-03
  1  1  1  1  1  2    2    2    2    7    3    6    0.189760D-03
  1  1  1  1  1  2    2    2    2    7    3    7    0.173792D-03
  1  1  1  1  1  2    2    2    2    7    3    8    0.184318D-03
  1  1  1  1  1  2    2    2    2    7    3    9    0.158834D-03
  1  1  1  1  1  2    2    2    2    7    4    1    0.149132D-03
  1  1  1  1  1  2    2    2    2    7    4    2    0.163176D-03
  1  1  1  1  1  2    2    2    2    7    4    3    0.170399D-03
  1  1  1  1  1  2    2    2    2    7    4    4    0.153673D-03
  1  1  1  1  1  2    2    2    2    7    4    5    0.165537D-03
  1  1  1  1  1  2    2    2    2    7    4    6    0.172903D-03
  1  1  1  1  1  2    2    2    2    7    4    7    0.158353D-03
  1  1  1  1  1  2    2    2    2    7    4    8    0.167944D-03
  1  1  1  1  1  2    2    2    2    7    4    9    0.144724D-03
  1  1  1  1  1  2    2    2    2    7    5    1    0.158985D-03
  1  1  1  1  1  2    2    2    2    7    5    2    0.173957D-03
  1  1  1  1  1  2    2    2    2    7    5    3    0.181657D-03
  1  1  1  1  1  2    2    2    2    7    5    4    0.163827D-03
  1  1  1  1  1  2    2    2    2    7    5    5    0.176474D-03
  1  1  1  1  1  2    2    2    2    7    5    6    0.184327D-03
  1  1  1  1  1  2    2    2    2    7    5    7    0.168816D-03
  1  1  1  1  1  2    2    2    2    7    5    8    0.179040D-03
  1  1  1  1  1  2    2    2    2    7    5    9    0.154286D-03
  1  1  1  1  1  2    2    2    2    7    6    1    0.136296D-03
  1  1  1  1  1  2    2    2    2    7    6    2    0.149132D-03
  1  1  1  1  1  2    2    2    2    7    6    3    0.155733D-03
  1  1  1  1  1  2    2    2    2    7    6    4    0.140447D-03
  1  1  1  1  1  2    2    2    2    7    6    5    0.151289D-03
  1  1  1  1  1  2    2    2    2    7    6    6    0.158021D-03
  1  1  1  1  1  2    2    2    2    7    6    7    0.144724D-03
  1  1  1  1  1  2    2    2    2    7    6    8    0.153489D-03
  1  1  1  1  1  2    2    2    2    7    6    9    0.132268D-03
  1  1  1  1  1  2    2    2    2    7    7    1    0.153673D-03
  1  1  1  1  1  2    2    2    2    7    7    2    0.168145D-03
  1  1  1  1  1  2    2    2    2    7    7    3    0.175588D-03
  1  1  1  1  1  2    2    2    2    7    7    4    0.158353D-03
  1  1  1  1  1  2    2    2    2    7    7    5    0.170578D-03
  1  1  1  1  1  2    2    2    2    7    7    6    0.178169D-03
  1  1  1  1  1  2    2    2    2    7    7    7    0.163176D-03
  1  1  1  1  1  2    2    2    2    7    7    8    0.173059D-03
  1  1  1  1  1  2    2    2    2    7    7    9    0.149132D-03
  1  1  1  1  1  2    2    2    2    7    8    1    0.161305D-03
  1  1  1  1  1  2    2    2    2    7    8    2    0.176496D-03
  1  1  1  1  1  2    2    2    2    7    8    3    0.184308D-03
  1  1  1  1  1  2    2    2    2    7    8    4    0.166217D-03
  1  1  1  1  1  2    2    2    2    7    8    5    0.179049D-03
  1  1  1  1  1  2    2    2    2    7    8    6    0.187017D-03
  1  1  1  1  1  2    2    2    2    7    8    7    0.171279D-03
  1  1  1  1  1  2    2    2    2    7    8    8    0.181653D-03
  1  1  1  1  1  2    2    2    2    7    8    9    0.156538D-03
  1  1  1  1  1  2    2    2    2    7    9    1    0.140447D-03
  1  1  1  1  1  2    2    2    2    7    9    2    0.153673D-03
  1  1  1  1  1  2    2    2    2    7    9    3    0.160476D-03
  1  1  1  1  1  2    2    2    2    7    9    4    0.144724D-03
  1  1  1  1  1  2    2    2    2    7    9    5    0.155896D-03
  1  1  1  1  1  2    2    2    2    7    9    6    0.162834D-03
  1  1  1  1  1  2    2    2    2    7    9    7    0.149132D-03
  1  1  1  1  1  2    2    2    2    7    9    8    0.158164D-03
  1  1  1  1  1  2    2    2    2    7    9    9    0.136296D-03
  1  1  1  1  1  2    2    2    2    8    1    1    0.151911D-03
  1  1  1  1  1  2    2    2    2    8    1    2    0.166217D-03
  1  1  1  1  1  2    2    2    2    8    1    3    0.173575D-03
  1  1  1  1  1  2    2    2    2    8    1    4    0.156538D-03
  1  1  1  1  1  2    2    2    2    8    1    5    0.168622D-03
  1  1  1  1  1  2    2    2    2    8    1    6    0.176126D-03
  1  1  1  1  1  2    2    2    2    8    1    7    0.161305D-03
  1  1  1  1  1  2    2    2    2    8    1    8    0.171074D-03
  1  1  1  1  1  2    2    2    2    8    1    9    0.147422D-03
  1  1  1  1  1  2    2    2    2    8    2    1    0.164492D-03
  1  1  1  1  1  2    2    2    2    8    2    2    0.179983D-03
  1  1  1  1  1  2    2    2    2    8    2    3    0.187950D-03
  1  1  1  1  1  2    2    2    2    8    2    4    0.169502D-03
  1  1  1  1  1  2    2    2    2    8    2    5    0.182587D-03
  1  1  1  1  1  2    2    2    2    8    2    6    0.190712D-03
  1  1  1  1  1  2    2    2    2    8    2    7    0.174664D-03
  1  1  1  1  1  2    2    2    2    8    2    8    0.185242D-03
  1  1  1  1  1  2    2    2    2    8    2    9    0.159631D-03
  1  1  1  1  1  2    2    2    2    8    3    1    0.171799D-03
  1  1  1  1  1  2    2    2    2    8    3    2    0.187978D-03
  1  1  1  1  1  2    2    2    2    8    3    3    0.196299D-03
  1  1  1  1  1  2    2    2    2    8    3    4    0.177031D-03
  1  1  1  1  1  2    2    2    2    8    3    5    0.190698D-03
  1  1  1  1  1  2    2    2    2    8    3    6    0.199184D-03
  1  1  1  1  1  2    2    2    2    8    3    7    0.182423D-03
  1  1  1  1  1  2    2    2    2    8    3    8    0.193471D-03
  1  1  1  1  1  2    2    2    2    8    3    9    0.166722D-03
  1  1  1  1  1  2    2    2    2    8    4    1    0.156538D-03
  1  1  1  1  1  2    2    2    2    8    4    2    0.171279D-03
  1  1  1  1  1  2    2    2    2    8    4    3    0.178861D-03
  1  1  1  1  1  2    2    2    2    8    4    4    0.161305D-03
  1  1  1  1  1  2    2    2    2    8    4    5    0.173757D-03
  1  1  1  1  1  2    2    2    2    8    4    6    0.181490D-03
  1  1  1  1  1  2    2    2    2    8    4    7    0.166217D-03
  1  1  1  1  1  2    2    2    2    8    4    8    0.176284D-03
  1  1  1  1  1  2    2    2    2    8    4    9    0.151911D-03
  1  1  1  1  1  2    2    2    2    8    5    1    0.166880D-03
  1  1  1  1  1  2    2    2    2    8    5    2    0.182596D-03
  1  1  1  1  1  2    2    2    2    8    5    3    0.190679D-03
  1  1  1  1  1  2    2    2    2    8    5    4    0.171963D-03
  1  1  1  1  1  2    2    2    2    8    5    5    0.185238D-03
  1  1  1  1  1  2    2    2    2    8    5    6    0.193481D-03
  1  1  1  1  1  2    2    2    2    8    5    7    0.177200D-03
  1  1  1  1  1  2    2    2    2    8    5    8    0.187932D-03
  1  1  1  1  1  2    2    2    2    8    5    9    0.161948D-03
  1  1  1  1  1  2    2    2    2    8    6    1    0.143065D-03
  1  1  1  1  1  2    2    2    2    8    6    2    0.156538D-03
  1  1  1  1  1  2    2    2    2    8    6    3    0.163467D-03
  1  1  1  1  1  2    2    2    2    8    6    4    0.147422D-03
  1  1  1  1  1  2    2    2    2    8    6    5    0.158802D-03
  1  1  1  1  1  2    2    2    2    8    6    6    0.165869D-03
  1  1  1  1  1  2    2    2    2    8    6    7    0.151911D-03
  1  1  1  1  1  2    2    2    2    8    6    8    0.161112D-03
  1  1  1  1  1  2    2    2    2    8    6    9    0.138836D-03
  1  1  1  1  1  2    2    2    2    8    7    1    0.161305D-03
  1  1  1  1  1  2    2    2    2    8    7    2    0.176496D-03
  1  1  1  1  1  2    2    2    2    8    7    3    0.184308D-03
  1  1  1  1  1  2    2    2    2    8    7    4    0.166217D-03
  1  1  1  1  1  2    2    2    2    8    7    5    0.179049D-03
  1  1  1  1  1  2    2    2    2    8    7    6    0.187017D-03
  1  1  1  1  1  2    2    2    2    8    7    7    0.171279D-03
  1  1  1  1  1  2    2    2    2    8    7    8    0.181653D-03
  1  1  1  1  1  2    2    2    2    8    7    9    0.156538D-03
  1  1  1  1  1  2    2    2    2    8    8    1    0.169316D-03
  1  1  1  1  1  2    2    2    2    8    8    2    0.185261D-03
  1  1  1  1  1  2    2    2    2    8    8    3    0.193462D-03
  1  1  1  1  1  2    2    2    2    8    8    4    0.174472D-03
  1  1  1  1  1  2    2    2    2    8    8    5    0.187941D-03
  1  1  1  1  1  2    2    2    2    8    8    6    0.196304D-03
  1  1  1  1  1  2    2    2    2    8    8    7    0.179786D-03
  1  1  1  1  1  2    2    2    2    8    8    8    0.190674D-03
  1  1  1  1  1  2    2    2    2    8    8    9    0.164312D-03
  1  1  1  1  1  2    2    2    2    8    9    1    0.147422D-03
  1  1  1  1  1  2    2    2    2    8    9    2    0.161305D-03
  1  1  1  1  1  2    2    2    2    8    9    3    0.168445D-03
  1  1  1  1  1  2    2    2    2    8    9    4    0.151911D-03
  1  1  1  1  1  2    2    2    2    8    9    5    0.163639D-03
  1  1  1  1  1  2    2    2    2    8    9    6    0.170920D-03
  1  1  1  1  1  2    2    2    2    8    9    7    0.156538D-03
  1  1  1  1  1  2    2    2    2    8    9    8    0.166018D-03
  1  1  1  1  1  2    2    2    2    8    9    9    0.143065D-03
  1  1  1  1  1  2    2    2    2    9    1    1    0.132268D-03
  1  1  1  1  1  2    2    2    2    9    1    2    0.144724D-03
  1  1  1  1  1  2    2    2    2    9    1    3    0.151130D-03
  1  1  1  1  1  2    2    2    2    9    1    4    0.136296D-03
  1  1  1  1  1  2    2    2    2    9    1    5    0.146818D-03
  1  1  1  1  1  2    2    2    2    9    1    6    0.153351D-03
  1  1  1  1  1  2    2    2    2    9    1    7    0.140447D-03
  1  1  1  1  1  2    2    2    2    9    1    8    0.148953D-03
  1  1  1  1  1  2    2    2    2    9    1    9    0.128359D-03
  1  1  1  1  1  2    2    2    2    9    2    1    0.143222D-03
  1  1  1  1  1  2    2    2    2    9    2    2    0.156710D-03
  1  1  1  1  1  2    2    2    2    9    2    3    0.163647D-03
  1  1  1  1  1  2    2    2    2    9    2    4    0.147584D-03
  1  1  1  1  1  2    2    2    2    9    2    5    0.158977D-03
  1  1  1  1  1  2    2    2    2    9    2    6    0.166051D-03
  1  1  1  1  1  2    2    2    2    9    2    7    0.152078D-03
  1  1  1  1  1  2    2    2    2    9    2    8    0.161289D-03
  1  1  1  1  1  2    2    2    2    9    2    9    0.138989D-03
  1  1  1  1  1  2    2    2    2    9    3    1    0.149584D-03
  1  1  1  1  1  2    2    2    2    9    3    2    0.163671D-03
  1  1  1  1  1  2    2    2    2    9    3    3    0.170916D-03
  1  1  1  1  1  2    2    2    2    9    3    4    0.154140D-03
  1  1  1  1  1  2    2    2    2    9    3    5    0.166039D-03
  1  1  1  1  1  2    2    2    2    9    3    6    0.173428D-03
  1  1  1  1  1  2    2    2    2    9    3    7    0.158834D-03
  1  1  1  1  1  2    2    2    2    9    3    8    0.168454D-03
  1  1  1  1  1  2    2    2    2    9    3    9    0.145163D-03
  1  1  1  1  1  2    2    2    2    9    4    1    0.136296D-03
  1  1  1  1  1  2    2    2    2    9    4    2    0.149132D-03
  1  1  1  1  1  2    2    2    2    9    4    3    0.155733D-03
  1  1  1  1  1  2    2    2    2    9    4    4    0.140447D-03
  1  1  1  1  1  2    2    2    2    9    4    5    0.151289D-03
  1  1  1  1  1  2    2    2    2    9    4    6    0.158021D-03
  1  1  1  1  1  2    2    2    2    9    4    7    0.144724D-03
  1  1  1  1  1  2    2    2    2    9    4    8    0.153489D-03
  1  1  1  1  1  2    2    2    2    9    4    9    0.132268D-03
  1  1  1  1  1  2    2    2    2    9    5    1    0.145301D-03
  1  1  1  1  1  2    2    2    2    9    5    2    0.158985D-03
  1  1  1  1  1  2    2    2    2    9    5    3    0.166022D-03
  1  1  1  1  1  2    2    2    2    9    5    4    0.149726D-03
  1  1  1  1  1  2    2    2    2    9    5    5    0.161285D-03
  1  1  1  1  1  2    2    2    2    9    5    6    0.168462D-03
  1  1  1  1  1  2    2    2    2    9    5    7    0.154286D-03
  1  1  1  1  1  2    2    2    2    9    5    8    0.163630D-03
  1  1  1  1  1  2    2    2    2    9    5    9    0.141007D-03
  1  1  1  1  1  2    2    2    2    9    6    1    0.124565D-03
  1  1  1  1  1  2    2    2    2    9    6    2    0.136296D-03
  1  1  1  1  1  2    2    2    2    9    6    3    0.142329D-03
  1  1  1  1  1  2    2    2    2    9    6    4    0.128359D-03
  1  1  1  1  1  2    2    2    2    9    6    5    0.138268D-03
  1  1  1  1  1  2    2    2    2    9    6    6    0.144421D-03
  1  1  1  1  1  2    2    2    2    9    6    7    0.132268D-03
  1  1  1  1  1  2    2    2    2    9    6    8    0.140278D-03
  1  1  1  1  1  2    2    2    2    9    6    9    0.120884D-03
  1  1  1  1  1  2    2    2    2    9    7    1    0.140447D-03
  1  1  1  1  1  2    2    2    2    9    7    2    0.153673D-03
  1  1  1  1  1  2    2    2    2    9    7    3    0.160476D-03
  1  1  1  1  1  2    2    2    2    9    7    4    0.144724D-03
  1  1  1  1  1  2    2    2    2    9    7    5    0.155896D-03
  1  1  1  1  1  2    2    2    2    9    7    6    0.162834D-03
  1  1  1  1  1  2    2    2    2    9    7    7    0.149132D-03
  1  1  1  1  1  2    2    2    2    9    7    8    0.158164D-03
  1  1  1  1  1  2    2    2    2    9    7    9    0.136296D-03
  1  1  1  1  1  2    2    2    2    9    8    1    0.147422D-03
  1  1  1  1  1  2    2    2    2    9    8    2    0.161305D-03
  1  1  1  1  1  2    2    2    2    9    8    3    0.168445D-03
  1  1  1  1  1  2    2    2    2    9    8    4    0.151911D-03
  1  1  1  1  1  2    2    2    2    9    8    5    0.163639D-03
  1  1  1  1  1  2    2    2    2    9    8    6    0.170920D-03
  1  1  1  1  1  2    2    2    2    9    8    7    0.156538D-03
  1  1  1  1  1  2    2    2    2    9    8    8    0.166018D-03
  1  1  1  1  1  2    2    2    2    9    8    9    0.143065D-03
  1  1  1  1  1  2    2    2    2    9    9    1    0.128359D-03
  1  1  1  1  1  2    2    2    2    9    9    2    0.140447D-03
  1  1  1  1  1  2    2    2    2    9    9    3    0.146664D-03
  1  1  1  1  1  2    2    2    2    9    9    4    0.132268D-03
  1  1  1  1  1  2    2    2    2    9    9    5    0.142479D-03
  1  1  1  1  1  2    2    2    2    9    9    6    0.148819D-03
  1  1  1  1  1  2    2    2    2    9    9    7    0.136296D-03
  1  1  1  1  1  2    2    2    2    9    9    8    0.144551D-03
  1  1  1  1  1  2    2    2    2    9    9    9    0.124565D-03
  1  1  1  1  1  2    1    1    1    1    1    1    0.227345D-03
  1  1  1  1  1  2    1    1    1    1    1    2    0.230737D-03
  1  1  1  1  1  2    1    1    1    1    1    3    0.220626D-03
  1  1  1  1  1  2    1    1    1    1    2    1    0.216286D-03
  1  1  1  1  1  2    1    1    1    1    2    2    0.219513D-03
  1  1  1  1  1  2    1    1    1    1    2    3    0.209894D-03
  1  1  1  1  1  2    1    1    1    1    3    1    0.222873D-03
  1  1  1  1  1  2    1    1    1    1    3    2    0.226199D-03
  1  1  1  1  1  2    1    1    1    1    3    3    0.216286D-03
  1  1  1  1  1  2    1    1    1    2    1    1    0.216286D-03
  1  1  1  1  1  2    1    1    1    2    1    2    0.219513D-03
  1  1  1  1  1  2    1    1    1    2    1    3    0.209894D-03
  1  1  1  1  1  2    1    1    1    2    2    1    0.205765D-03
  1  1  1  1  1  2    1    1    1    2    2    2    0.208835D-03
  1  1  1  1  1  2    1    1    1    2    2    3    0.199684D-03
  1  1  1  1  1  2    1    1    1    2    3    1    0.212031D-03
  1  1  1  1  1  2    1    1    1    2    3    2    0.215195D-03
  1  1  1  1  1  2    1    1    1    2    3    3    0.205765D-03
  1  1  1  1  1  2    1    1    1    3    1    1    0.222873D-03
  1  1  1  1  1  2    1    1    1    3    1    2    0.226199D-03
  1  1  1  1  1  2    1    1    1    3    1    3    0.216286D-03
  1  1  1  1  1  2    1    1    1    3    2    1    0.212031D-03
  1  1  1  1  1  2    1    1    1    3    2    2    0.215195D-03
  1  1  1  1  1  2    1    1    1    3    2    3    0.205765D-03
  1  1  1  1  1  2    1    1    1    3    3    1    0.218489D-03
  1  1  1  1  1  2    1    1    1    3    3    2    0.221749D-03
  1  1  1  1  1  2    1    1    1    3    3    3    0.212031D-03
  1  1  1  1  1  2    0    0    0    1    1    1    0.238850D-03
