  1  1  1  3  3  2    2    2    2    1    1    1    0.133597D-03
  1  1  1  3  3  2    2    2    2    1    1    2    0.146179D-03
  1  1  1  3  3  2    2    2    2    1    1    3    0.152649D-03
  1  1  1  3  3  2    2    2    2    1    1    4    0.137666D-03
  1  1  1  3  3  2    2    2    2    1    1    5    0.148293D-03
  1  1  1  3  3  2    2    2    2    1    1    6    0.154892D-03
  1  1  1  3  3  2    2    2    2    1    1    7    0.141858D-03
  1  1  1  3  3  2    2    2    2    1    1    8    0.150450D-03
  1  1  1  3  3  2    2    2    2    1    1    9    0.129649D-03
  1  1  1  3  3  2    2    2    2    1    2    1    0.145417D-03
  1  1  1  3  3  2    2    2    2    1    2    2    0.159112D-03
  1  1  1  3  3  2    2    2    2    1    2    3    0.166155D-03
  1  1  1  3  3  2    2    2    2    1    2    4    0.149846D-03
  1  1  1  3  3  2    2    2    2    1    2    5    0.161414D-03
  1  1  1  3  3  2    2    2    2    1    2    6    0.168597D-03
  1  1  1  3  3  2    2    2    2    1    2    7    0.154409D-03
  1  1  1  3  3  2    2    2    2    1    2    8    0.163761D-03
  1  1  1  3  3  2    2    2    2    1    2    9    0.141120D-03
  1  1  1  3  3  2    2    2    2    1    3    1    0.151866D-03
  1  1  1  3  3  2    2    2    2    1    3    2    0.166168D-03
  1  1  1  3  3  2    2    2    2    1    3    3    0.173523D-03
  1  1  1  3  3  2    2    2    2    1    3    4    0.156491D-03
  1  1  1  3  3  2    2    2    2    1    3    5    0.168571D-03
  1  1  1  3  3  2    2    2    2    1    3    6    0.176073D-03
  1  1  1  3  3  2    2    2    2    1    3    7    0.161257D-03
  1  1  1  3  3  2    2    2    2    1    3    8    0.171023D-03
  1  1  1  3  3  2    2    2    2    1    3    9    0.147377D-03
  1  1  1  3  3  2    2    2    2    1    4    1    0.137666D-03
  1  1  1  3  3  2    2    2    2    1    4    2    0.150630D-03
  1  1  1  3  3  2    2    2    2    1    4    3    0.157298D-03
  1  1  1  3  3  2    2    2    2    1    4    4    0.141858D-03
  1  1  1  3  3  2    2    2    2    1    4    5    0.152809D-03
  1  1  1  3  3  2    2    2    2    1    4    6    0.159609D-03
  1  1  1  3  3  2    2    2    2    1    4    7    0.146179D-03
  1  1  1  3  3  2    2    2    2    1    4    8    0.155032D-03
  1  1  1  3  3  2    2    2    2    1    4    9    0.133597D-03
  1  1  1  3  3  2    2    2    2    1    5    1    0.147525D-03
  1  1  1  3  3  2    2    2    2    1    5    2    0.161418D-03
  1  1  1  3  3  2    2    2    2    1    5    3    0.168563D-03
  1  1  1  3  3  2    2    2    2    1    5    4    0.152018D-03
  1  1  1  3  3  2    2    2    2    1    5    5    0.163753D-03
  1  1  1  3  3  2    2    2    2    1    5    6    0.171040D-03
  1  1  1  3  3  2    2    2    2    1    5    7    0.156647D-03
  1  1  1  3  3  2    2    2    2    1    5    8    0.166134D-03
  1  1  1  3  3  2    2    2    2    1    5    9    0.143165D-03
  1  1  1  3  3  2    2    2    2    1    6    1    0.154101D-03
  1  1  1  3  3  2    2    2    2    1    6    2    0.168614D-03
  1  1  1  3  3  2    2    2    2    1    6    3    0.176077D-03
  1  1  1  3  3  2    2    2    2    1    6    4    0.158794D-03
  1  1  1  3  3  2    2    2    2    1    6    5    0.171053D-03
  1  1  1  3  3  2    2    2    2    1    6    6    0.178665D-03
  1  1  1  3  3  2    2    2    2    1    6    7    0.163630D-03
  1  1  1  3  3  2    2    2    2    1    6    8    0.173540D-03
  1  1  1  3  3  2    2    2    2    1    6    9    0.149547D-03
  1  1  1  3  3  2    2    2    2    1    7    1    0.141858D-03
  1  1  1  3  3  2    2    2    2    1    7    2    0.155218D-03
  1  1  1  3  3  2    2    2    2    1    7    3    0.162089D-03
  1  1  1  3  3  2    2    2    2    1    7    4    0.146179D-03
  1  1  1  3  3  2    2    2    2    1    7    5    0.157463D-03
  1  1  1  3  3  2    2    2    2    1    7    6    0.164470D-03
  1  1  1  3  3  2    2    2    2    1    7    7    0.150630D-03
  1  1  1  3  3  2    2    2    2    1    7    8    0.159753D-03
  1  1  1  3  3  2    2    2    2    1    7    9    0.137666D-03
  1  1  1  3  3  2    2    2    2    1    8    1    0.149674D-03
  1  1  1  3  3  2    2    2    2    1    8    2    0.163769D-03
  1  1  1  3  3  2    2    2    2    1    8    3    0.171019D-03
  1  1  1  3  3  2    2    2    2    1    8    4    0.154232D-03
  1  1  1  3  3  2    2    2    2    1    8    5    0.166139D-03
  1  1  1  3  3  2    2    2    2    1    8    6    0.173532D-03
  1  1  1  3  3  2    2    2    2    1    8    7    0.158929D-03
  1  1  1  3  3  2    2    2    2    1    8    8    0.168555D-03
  1  1  1  3  3  2    2    2    2    1    8    9    0.145250D-03
  1  1  1  3  3  2    2    2    2    1    9    1    0.129649D-03
  1  1  1  3  3  2    2    2    2    1    9    2    0.141858D-03
  1  1  1  3  3  2    2    2    2    1    9    3    0.148138D-03
  1  1  1  3  3  2    2    2    2    1    9    4    0.133597D-03
  1  1  1  3  3  2    2    2    2    1    9    5    0.143911D-03
  1  1  1  3  3  2    2    2    2    1    9    6    0.150315D-03
  1  1  1  3  3  2    2    2    2    1    9    7    0.137666D-03
  1  1  1  3  3  2    2    2    2    1    9    8    0.146003D-03
  1  1  1  3  3  2    2    2    2    1    9    9    0.125817D-03
  1  1  1  3  3  2    2    2    2    2    1    1    0.145417D-03
  1  1  1  3  3  2    2    2    2    2    1    2    0.159112D-03
  1  1  1  3  3  2    2    2    2    2    1    3    0.166155D-03
  1  1  1  3  3  2    2    2    2    2    1    4    0.149846D-03
  1  1  1  3  3  2    2    2    2    2    1    5    0.161414D-03
  1  1  1  3  3  2    2    2    2    2    1    6    0.168597D-03
  1  1  1  3  3  2    2    2    2    2    1    7    0.154409D-03
  1  1  1  3  3  2    2    2    2    2    1    8    0.163761D-03
  1  1  1  3  3  2    2    2    2    2    1    9    0.141120D-03
  1  1  1  3  3  2    2    2    2    2    2    1    0.158283D-03
  1  1  1  3  3  2    2    2    2    2    2    2    0.173190D-03
  1  1  1  3  3  2    2    2    2    2    2    3    0.180856D-03
  1  1  1  3  3  2    2    2    2    2    2    4    0.163104D-03
  1  1  1  3  3  2    2    2    2    2    2    5    0.175695D-03
  1  1  1  3  3  2    2    2    2    2    2    6    0.183514D-03
  1  1  1  3  3  2    2    2    2    2    2    7    0.168071D-03
  1  1  1  3  3  2    2    2    2    2    2    8    0.178250D-03
  1  1  1  3  3  2    2    2    2    2    2    9    0.153605D-03
  1  1  1  3  3  2    2    2    2    2    3    1    0.165302D-03
  1  1  1  3  3  2    2    2    2    2    3    2    0.180870D-03
  1  1  1  3  3  2    2    2    2    2    3    3    0.188876D-03
  1  1  1  3  3  2    2    2    2    2    3    4    0.170337D-03
  1  1  1  3  3  2    2    2    2    2    3    5    0.183486D-03
  1  1  1  3  3  2    2    2    2    2    3    6    0.191651D-03
  1  1  1  3  3  2    2    2    2    2    3    7    0.175524D-03
  1  1  1  3  3  2    2    2    2    2    3    8    0.186155D-03
  1  1  1  3  3  2    2    2    2    2    3    9    0.160417D-03
  1  1  1  3  3  2    2    2    2    2    4    1    0.149846D-03
  1  1  1  3  3  2    2    2    2    2    4    2    0.163958D-03
  1  1  1  3  3  2    2    2    2    2    4    3    0.171215D-03
  1  1  1  3  3  2    2    2    2    2    4    4    0.154409D-03
  1  1  1  3  3  2    2    2    2    2    4    5    0.166330D-03
  1  1  1  3  3  2    2    2    2    2    4    6    0.173731D-03
  1  1  1  3  3  2    2    2    2    2    4    7    0.159112D-03
  1  1  1  3  3  2    2    2    2    2    4    8    0.168748D-03
  1  1  1  3  3  2    2    2    2    2    4    9    0.145417D-03
  1  1  1  3  3  2    2    2    2    2    5    1    0.160577D-03
  1  1  1  3  3  2    2    2    2    2    5    2    0.175700D-03
  1  1  1  3  3  2    2    2    2    2    5    3    0.183477D-03
  1  1  1  3  3  2    2    2    2    2    5    4    0.165468D-03
  1  1  1  3  3  2    2    2    2    2    5    5    0.178241D-03
  1  1  1  3  3  2    2    2    2    2    5    6    0.186173D-03
  1  1  1  3  3  2    2    2    2    2    5    7    0.170507D-03
  1  1  1  3  3  2    2    2    2    2    5    8    0.180833D-03
  1  1  1  3  3  2    2    2    2    2    5    9    0.155832D-03
  1  1  1  3  3  2    2    2    2    2    6    1    0.167736D-03
  1  1  1  3  3  2    2    2    2    2    6    2    0.183532D-03
  1  1  1  3  3  2    2    2    2    2    6    3    0.191656D-03
  1  1  1  3  3  2    2    2    2    2    6    4    0.172844D-03
  1  1  1  3  3  2    2    2    2    2    6    5    0.186187D-03
  1  1  1  3  3  2    2    2    2    2    6    6    0.194472D-03
  1  1  1  3  3  2    2    2    2    2    6    7    0.178108D-03
  1  1  1  3  3  2    2    2    2    2    6    8    0.188895D-03
  1  1  1  3  3  2    2    2    2    2    6    9    0.162778D-03
  1  1  1  3  3  2    2    2    2    2    7    1    0.154409D-03
  1  1  1  3  3  2    2    2    2    2    7    2    0.168951D-03
  1  1  1  3  3  2    2    2    2    2    7    3    0.176430D-03
  1  1  1  3  3  2    2    2    2    2    7    4    0.159112D-03
  1  1  1  3  3  2    2    2    2    2    7    5    0.171395D-03
  1  1  1  3  3  2    2    2    2    2    7    6    0.179022D-03
  1  1  1  3  3  2    2    2    2    2    7    7    0.163958D-03
  1  1  1  3  3  2    2    2    2    2    7    8    0.173888D-03
  1  1  1  3  3  2    2    2    2    2    7    9    0.149846D-03
  1  1  1  3  3  2    2    2    2    2    8    1    0.162917D-03
  1  1  1  3  3  2    2    2    2    2    8    2    0.178259D-03
  1  1  1  3  3  2    2    2    2    2    8    3    0.186150D-03
  1  1  1  3  3  2    2    2    2    2    8    4    0.167878D-03
  1  1  1  3  3  2    2    2    2    2    8    5    0.180838D-03
  1  1  1  3  3  2    2    2    2    2    8    6    0.188885D-03
  1  1  1  3  3  2    2    2    2    2    8    7    0.172991D-03
  1  1  1  3  3  2    2    2    2    2    8    8    0.183468D-03
  1  1  1  3  3  2    2    2    2    2    8    9    0.158102D-03
  1  1  1  3  3  2    2    2    2    2    9    1    0.141120D-03
  1  1  1  3  3  2    2    2    2    2    9    2    0.154409D-03
  1  1  1  3  3  2    2    2    2    2    9    3    0.161245D-03
  1  1  1  3  3  2    2    2    2    2    9    4    0.145417D-03
  1  1  1  3  3  2    2    2    2    2    9    5    0.156643D-03
  1  1  1  3  3  2    2    2    2    2    9    6    0.163614D-03
  1  1  1  3  3  2    2    2    2    2    9    7    0.149846D-03
  1  1  1  3  3  2    2    2    2    2    9    8    0.158921D-03
  1  1  1  3  3  2    2    2    2    2    9    9    0.136949D-03
  1  1  1  3  3  2    2    2    2    3    1    1    0.151866D-03
  1  1  1  3  3  2    2    2    2    3    1    2    0.166168D-03
  1  1  1  3  3  2    2    2    2    3    1    3    0.173523D-03
  1  1  1  3  3  2    2    2    2    3    1    4    0.156491D-03
  1  1  1  3  3  2    2    2    2    3    1    5    0.168571D-03
  1  1  1  3  3  2    2    2    2    3    1    6    0.176073D-03
  1  1  1  3  3  2    2    2    2    3    1    7    0.161257D-03
  1  1  1  3  3  2    2    2    2    3    1    8    0.171023D-03
  1  1  1  3  3  2    2    2    2    3    1    9    0.147377D-03
  1  1  1  3  3  2    2    2    2    3    2    1    0.165302D-03
  1  1  1  3  3  2    2    2    2    3    2    2    0.180870D-03
  1  1  1  3  3  2    2    2    2    3    2    3    0.188876D-03
  1  1  1  3  3  2    2    2    2    3    2    4    0.170337D-03
  1  1  1  3  3  2    2    2    2    3    2    5    0.183486D-03
  1  1  1  3  3  2    2    2    2    3    2    6    0.191651D-03
  1  1  1  3  3  2    2    2    2    3    2    7    0.175524D-03
  1  1  1  3  3  2    2    2    2    3    2    8    0.186155D-03
  1  1  1  3  3  2    2    2    2    3    2    9    0.160417D-03
  1  1  1  3  3  2    2    2    2    3    3    1    0.172632D-03
  1  1  1  3  3  2    2    2    2    3    3    2    0.188890D-03
  1  1  1  3  3  2    2    2    2    3    3    3    0.197251D-03
  1  1  1  3  3  2    2    2    2    3    3    4    0.177890D-03
  1  1  1  3  3  2    2    2    2    3    3    5    0.191623D-03
  1  1  1  3  3  2    2    2    2    3    3    6    0.200150D-03
  1  1  1  3  3  2    2    2    2    3    3    7    0.183307D-03
  1  1  1  3  3  2    2    2    2    3    3    8    0.194409D-03
  1  1  1  3  3  2    2    2    2    3    3    9    0.167530D-03
  1  1  1  3  3  2    2    2    2    3    4    1    0.156491D-03
  1  1  1  3  3  2    2    2    2    3    4    2    0.171228D-03
  1  1  1  3  3  2    2    2    2    3    4    3    0.178808D-03
  1  1  1  3  3  2    2    2    2    3    4    4    0.161257D-03
  1  1  1  3  3  2    2    2    2    3    4    5    0.173705D-03
  1  1  1  3  3  2    2    2    2    3    4    6    0.181435D-03
  1  1  1  3  3  2    2    2    2    3    4    7    0.166168D-03
  1  1  1  3  3  2    2    2    2    3    4    8    0.176231D-03
  1  1  1  3  3  2    2    2    2    3    4    9    0.151866D-03
  1  1  1  3  3  2    2    2    2    3    5    1    0.167698D-03
  1  1  1  3  3  2    2    2    2    3    5    2    0.183491D-03
  1  1  1  3  3  2    2    2    2    3    5    3    0.191613D-03
  1  1  1  3  3  2    2    2    2    3    5    4    0.172805D-03
  1  1  1  3  3  2    2    2    2    3    5    5    0.186145D-03
  1  1  1  3  3  2    2    2    2    3    5    6    0.194429D-03
  1  1  1  3  3  2    2    2    2    3    5    7    0.178068D-03
  1  1  1  3  3  2    2    2    2    3    5    8    0.188852D-03
  1  1  1  3  3  2    2    2    2    3    5    9    0.162742D-03
  1  1  1  3  3  2    2    2    2    3    6    1    0.175174D-03
  1  1  1  3  3  2    2    2    2    3    6    2    0.191670D-03
  1  1  1  3  3  2    2    2    2    3    6    3    0.200155D-03
  1  1  1  3  3  2    2    2    2    3    6    4    0.180508D-03
  1  1  1  3  3  2    2    2    2    3    6    5    0.194443D-03
  1  1  1  3  3  2    2    2    2    3    6    6    0.203096D-03
  1  1  1  3  3  2    2    2    2    3    6    7    0.186006D-03
  1  1  1  3  3  2    2    2    2    3    6    8    0.197271D-03
  1  1  1  3  3  2    2    2    2    3    6    9    0.169996D-03
  1  1  1  3  3  2    2    2    2    3    7    1    0.161257D-03
  1  1  1  3  3  2    2    2    2    3    7    2    0.176443D-03
  1  1  1  3  3  2    2    2    2    3    7    3    0.184253D-03
  1  1  1  3  3  2    2    2    2    3    7    4    0.166168D-03
  1  1  1  3  3  2    2    2    2    3    7    5    0.178995D-03
  1  1  1  3  3  2    2    2    2    3    7    6    0.186961D-03
  1  1  1  3  3  2    2    2    2    3    7    7    0.171228D-03
  1  1  1  3  3  2    2    2    2    3    7    8    0.181598D-03
  1  1  1  3  3  2    2    2    2    3    7    9    0.156491D-03
  1  1  1  3  3  2    2    2    2    3    8    1    0.170141D-03
  1  1  1  3  3  2    2    2    2    3    8    2    0.186164D-03
  1  1  1  3  3  2    2    2    2    3    8    3    0.194405D-03
  1  1  1  3  3  2    2    2    2    3    8    4    0.175323D-03
  1  1  1  3  3  2    2    2    2    3    8    5    0.188857D-03
  1  1  1  3  3  2    2    2    2    3    8    6    0.197261D-03
  1  1  1  3  3  2    2    2    2    3    8    7    0.180662D-03
  1  1  1  3  3  2    2    2    2    3    8    8    0.191604D-03
  1  1  1  3  3  2    2    2    2    3    8    9    0.165113D-03
  1  1  1  3  3  2    2    2    2    3    9    1    0.147377D-03
  1  1  1  3  3  2    2    2    2    3    9    2    0.161257D-03
  1  1  1  3  3  2    2    2    2    3    9    3    0.168395D-03
  1  1  1  3  3  2    2    2    2    3    9    4    0.151866D-03
  1  1  1  3  3  2    2    2    2    3    9    5    0.163589D-03
  1  1  1  3  3  2    2    2    2    3    9    6    0.170869D-03
  1  1  1  3  3  2    2    2    2    3    9    7    0.156491D-03
  1  1  1  3  3  2    2    2    2    3    9    8    0.165968D-03
  1  1  1  3  3  2    2    2    2    3    9    9    0.143022D-03
  1  1  1  3  3  2    2    2    2    4    1    1    0.137666D-03
  1  1  1  3  3  2    2    2    2    4    1    2    0.150630D-03
  1  1  1  3  3  2    2    2    2    4    1    3    0.157298D-03
  1  1  1  3  3  2    2    2    2    4    1    4    0.141858D-03
  1  1  1  3  3  2    2    2    2    4    1    5    0.152809D-03
  1  1  1  3  3  2    2    2    2    4    1    6    0.159609D-03
  1  1  1  3  3  2    2    2    2    4    1    7    0.146179D-03
  1  1  1  3  3  2    2    2    2    4    1    8    0.155032D-03
  1  1  1  3  3  2    2    2    2    4    1    9    0.133597D-03
  1  1  1  3  3  2    2    2    2    4    2    1    0.149846D-03
  1  1  1  3  3  2    2    2    2    4    2    2    0.163958D-03
  1  1  1  3  3  2    2    2    2    4    2    3    0.171215D-03
  1  1  1  3  3  2    2    2    2    4    2    4    0.154409D-03
  1  1  1  3  3  2    2    2    2    4    2    5    0.166330D-03
  1  1  1  3  3  2    2    2    2    4    2    6    0.173731D-03
  1  1  1  3  3  2    2    2    2    4    2    7    0.159112D-03
  1  1  1  3  3  2    2    2    2    4    2    8    0.168748D-03
  1  1  1  3  3  2    2    2    2    4    2    9    0.145417D-03
  1  1  1  3  3  2    2    2    2    4    3    1    0.156491D-03
  1  1  1  3  3  2    2    2    2    4    3    2    0.171228D-03
  1  1  1  3  3  2    2    2    2    4    3    3    0.178808D-03
  1  1  1  3  3  2    2    2    2    4    3    4    0.161257D-03
  1  1  1  3  3  2    2    2    2    4    3    5    0.173705D-03
  1  1  1  3  3  2    2    2    2    4    3    6    0.181435D-03
  1  1  1  3  3  2    2    2    2    4    3    7    0.166168D-03
  1  1  1  3  3  2    2    2    2    4    3    8    0.176231D-03
  1  1  1  3  3  2    2    2    2    4    3    9    0.151866D-03
  1  1  1  3  3  2    2    2    2    4    4    1    0.141858D-03
  1  1  1  3  3  2    2    2    2    4    4    2    0.155218D-03
  1  1  1  3  3  2    2    2    2    4    4    3    0.162089D-03
  1  1  1  3  3  2    2    2    2    4    4    4    0.146179D-03
  1  1  1  3  3  2    2    2    2    4    4    5    0.157463D-03
  1  1  1  3  3  2    2    2    2    4    4    6    0.164470D-03
  1  1  1  3  3  2    2    2    2    4    4    7    0.150630D-03
  1  1  1  3  3  2    2    2    2    4    4    8    0.159753D-03
  1  1  1  3  3  2    2    2    2    4    4    9    0.137666D-03
  1  1  1  3  3  2    2    2    2    4    5    1    0.152018D-03
  1  1  1  3  3  2    2    2    2    4    5    2    0.166334D-03
  1  1  1  3  3  2    2    2    2    4    5    3    0.173697D-03
  1  1  1  3  3  2    2    2    2    4    5    4    0.156647D-03
  1  1  1  3  3  2    2    2    2    4    5    5    0.168740D-03
  1  1  1  3  3  2    2    2    2    4    5    6    0.176249D-03
  1  1  1  3  3  2    2    2    2    4    5    7    0.161418D-03
  1  1  1  3  3  2    2    2    2    4    5    8    0.171194D-03
  1  1  1  3  3  2    2    2    2    4    5    9    0.147525D-03
  1  1  1  3  3  2    2    2    2    4    6    1    0.158794D-03
  1  1  1  3  3  2    2    2    2    4    6    2    0.173749D-03
  1  1  1  3  3  2    2    2    2    4    6    3    0.181440D-03
  1  1  1  3  3  2    2    2    2    4    6    4    0.163630D-03
  1  1  1  3  3  2    2    2    2    4    6    5    0.176262D-03
  1  1  1  3  3  2    2    2    2    4    6    6    0.184106D-03
  1  1  1  3  3  2    2    2    2    4    6    7    0.168614D-03
  1  1  1  3  3  2    2    2    2    4    6    8    0.178826D-03
  1  1  1  3  3  2    2    2    2    4    6    9    0.154101D-03
  1  1  1  3  3  2    2    2    2    4    7    1    0.146179D-03
  1  1  1  3  3  2    2    2    2    4    7    2    0.159945D-03
  1  1  1  3  3  2    2    2    2    4    7    3    0.167025D-03
  1  1  1  3  3  2    2    2    2    4    7    4    0.150630D-03
  1  1  1  3  3  2    2    2    2    4    7    5    0.162259D-03
  1  1  1  3  3  2    2    2    2    4    7    6    0.169479D-03
  1  1  1  3  3  2    2    2    2    4    7    7    0.155218D-03
  1  1  1  3  3  2    2    2    2    4    7    8    0.164618D-03
  1  1  1  3  3  2    2    2    2    4    7    9    0.141858D-03
  1  1  1  3  3  2    2    2    2    4    8    1    0.154232D-03
  1  1  1  3  3  2    2    2    2    4    8    2    0.168757D-03
  1  1  1  3  3  2    2    2    2    4    8    3    0.176227D-03
  1  1  1  3  3  2    2    2    2    4    8    4    0.158929D-03
  1  1  1  3  3  2    2    2    2    4    8    5    0.171198D-03
  1  1  1  3  3  2    2    2    2    4    8    6    0.178817D-03
  1  1  1  3  3  2    2    2    2    4    8    7    0.163769D-03
  1  1  1  3  3  2    2    2    2    4    8    8    0.173688D-03
  1  1  1  3  3  2    2    2    2    4    8    9    0.149674D-03
  1  1  1  3  3  2    2    2    2    4    9    1    0.133597D-03
  1  1  1  3  3  2    2    2    2    4    9    2    0.146179D-03
  1  1  1  3  3  2    2    2    2    4    9    3    0.152649D-03
  1  1  1  3  3  2    2    2    2    4    9    4    0.137666D-03
  1  1  1  3  3  2    2    2    2    4    9    5    0.148293D-03
  1  1  1  3  3  2    2    2    2    4    9    6    0.154892D-03
  1  1  1  3  3  2    2    2    2    4    9    7    0.141858D-03
  1  1  1  3  3  2    2    2    2    4    9    8    0.150450D-03
  1  1  1  3  3  2    2    2    2    4    9    9    0.129649D-03
  1  1  1  3  3  2    2    2    2    5    1    1    0.147525D-03
  1  1  1  3  3  2    2    2    2    5    1    2    0.161418D-03
  1  1  1  3  3  2    2    2    2    5    1    3    0.168563D-03
  1  1  1  3  3  2    2    2    2    5    1    4    0.152018D-03
  1  1  1  3  3  2    2    2    2    5    1    5    0.163753D-03
  1  1  1  3  3  2    2    2    2    5    1    6    0.171040D-03
  1  1  1  3  3  2    2    2    2    5    1    7    0.156647D-03
  1  1  1  3  3  2    2    2    2    5    1    8    0.166134D-03
  1  1  1  3  3  2    2    2    2    5    1    9    0.143165D-03
  1  1  1  3  3  2    2    2    2    5    2    1    0.160577D-03
  1  1  1  3  3  2    2    2    2    5    2    2    0.175700D-03
  1  1  1  3  3  2    2    2    2    5    2    3    0.183477D-03
  1  1  1  3  3  2    2    2    2    5    2    4    0.165468D-03
  1  1  1  3  3  2    2    2    2    5    2    5    0.178241D-03
  1  1  1  3  3  2    2    2    2    5    2    6    0.186173D-03
  1  1  1  3  3  2    2    2    2    5    2    7    0.170507D-03
  1  1  1  3  3  2    2    2    2    5    2    8    0.180833D-03
  1  1  1  3  3  2    2    2    2    5    2    9    0.155832D-03
  1  1  1  3  3  2    2    2    2    5    3    1    0.167698D-03
  1  1  1  3  3  2    2    2    2    5    3    2    0.183491D-03
  1  1  1  3  3  2    2    2    2    5    3    3    0.191613D-03
  1  1  1  3  3  2    2    2    2    5    3    4    0.172805D-03
  1  1  1  3  3  2    2    2    2    5    3    5    0.186145D-03
  1  1  1  3  3  2    2    2    2    5    3    6    0.194429D-03
  1  1  1  3  3  2    2    2    2    5    3    7    0.178068D-03
  1  1  1  3  3  2    2    2    2    5    3    8    0.188852D-03
  1  1  1  3  3  2    2    2    2    5    3    9    0.162742D-03
  1  1  1  3  3  2    2    2    2    5    4    1    0.152018D-03
  1  1  1  3  3  2    2    2    2    5    4    2    0.166334D-03
  1  1  1  3  3  2    2    2    2    5    4    3    0.173697D-03
  1  1  1  3  3  2    2    2    2    5    4    4    0.156647D-03
  1  1  1  3  3  2    2    2    2    5    4    5    0.168740D-03
  1  1  1  3  3  2    2    2    2    5    4    6    0.176249D-03
  1  1  1  3  3  2    2    2    2    5    4    7    0.161418D-03
  1  1  1  3  3  2    2    2    2    5    4    8    0.171194D-03
  1  1  1  3  3  2    2    2    2    5    4    9    0.147525D-03
  1  1  1  3  3  2    2    2    2    5    5    1    0.162904D-03
  1  1  1  3  3  2    2    2    2    5    5    2    0.178246D-03
  1  1  1  3  3  2    2    2    2    5    5    3    0.186136D-03
  1  1  1  3  3  2    2    2    2    5    5    4    0.167866D-03
  1  1  1  3  3  2    2    2    2    5    5    5    0.180824D-03
  1  1  1  3  3  2    2    2    2    5    5    6    0.188871D-03
  1  1  1  3  3  2    2    2    2    5    5    7    0.172978D-03
  1  1  1  3  3  2    2    2    2    5    5    8    0.183454D-03
  1  1  1  3  3  2    2    2    2    5    5    9    0.158090D-03
  1  1  1  3  3  2    2    2    2    5    6    1    0.170166D-03
  1  1  1  3  3  2    2    2    2    5    6    2    0.186192D-03
  1  1  1  3  3  2    2    2    2    5    6    3    0.194434D-03
  1  1  1  3  3  2    2    2    2    5    6    4    0.175349D-03
  1  1  1  3  3  2    2    2    2    5    6    5    0.188885D-03
  1  1  1  3  3  2    2    2    2    5    6    6    0.197291D-03
  1  1  1  3  3  2    2    2    2    5    6    7    0.180689D-03
  1  1  1  3  3  2    2    2    2    5    6    8    0.191632D-03
  1  1  1  3  3  2    2    2    2    5    6    9    0.165137D-03
  1  1  1  3  3  2    2    2    2    5    7    1    0.156647D-03
  1  1  1  3  3  2    2    2    2    5    7    2    0.171399D-03
  1  1  1  3  3  2    2    2    2    5    7    3    0.178986D-03
  1  1  1  3  3  2    2    2    2    5    7    4    0.161418D-03
  1  1  1  3  3  2    2    2    2    5    7    5    0.173879D-03
  1  1  1  3  3  2    2    2    2    5    7    6    0.181617D-03
  1  1  1  3  3  2    2    2    2    5    7    7    0.166334D-03
  1  1  1  3  3  2    2    2    2    5    7    8    0.176408D-03
  1  1  1  3  3  2    2    2    2    5    7    9    0.152018D-03
  1  1  1  3  3  2    2    2    2    5    8    1    0.165278D-03
  1  1  1  3  3  2    2    2    2    5    8    2    0.180843D-03
  1  1  1  3  3  2    2    2    2    5    8    3    0.188848D-03
  1  1  1  3  3  2    2    2    2    5    8    4    0.170311D-03
  1  1  1  3  3  2    2    2    2    5    8    5    0.183459D-03
  1  1  1  3  3  2    2    2    2    5    8    6    0.191623D-03
  1  1  1  3  3  2    2    2    2    5    8    7    0.175498D-03
  1  1  1  3  3  2    2    2    2    5    8    8    0.186127D-03
  1  1  1  3  3  2    2    2    2    5    8    9    0.160393D-03
  1  1  1  3  3  2    2    2    2    5    9    1    0.143165D-03
  1  1  1  3  3  2    2    2    2    5    9    2    0.156647D-03
  1  1  1  3  3  2    2    2    2    5    9    3    0.163581D-03
  1  1  1  3  3  2    2    2    2    5    9    4    0.147525D-03
  1  1  1  3  3  2    2    2    2    5    9    5    0.158913D-03
  1  1  1  3  3  2    2    2    2    5    9    6    0.165985D-03
  1  1  1  3  3  2    2    2    2    5    9    7    0.152018D-03
  1  1  1  3  3  2    2    2    2    5    9    8    0.161224D-03
  1  1  1  3  3  2    2    2    2    5    9    9    0.138934D-03
  1  1  1  3  3  2    2    2    2    6    1    1    0.154101D-03
  1  1  1  3  3  2    2    2    2    6    1    2    0.168614D-03
  1  1  1  3  3  2    2    2    2    6    1    3    0.176077D-03
  1  1  1  3  3  2    2    2    2    6    1    4    0.158794D-03
  1  1  1  3  3  2    2    2    2    6    1    5    0.171053D-03
  1  1  1  3  3  2    2    2    2    6    1    6    0.178665D-03
  1  1  1  3  3  2    2    2    2    6    1    7    0.163630D-03
  1  1  1  3  3  2    2    2    2    6    1    8    0.173540D-03
  1  1  1  3  3  2    2    2    2    6    1    9    0.149547D-03
  1  1  1  3  3  2    2    2    2    6    2    1    0.167736D-03
  1  1  1  3  3  2    2    2    2    6    2    2    0.183532D-03
  1  1  1  3  3  2    2    2    2    6    2    3    0.191656D-03
  1  1  1  3  3  2    2    2    2    6    2    4    0.172844D-03
  1  1  1  3  3  2    2    2    2    6    2    5    0.186187D-03
  1  1  1  3  3  2    2    2    2    6    2    6    0.194472D-03
  1  1  1  3  3  2    2    2    2    6    2    7    0.178108D-03
  1  1  1  3  3  2    2    2    2    6    2    8    0.188895D-03
  1  1  1  3  3  2    2    2    2    6    2    9    0.162778D-03
  1  1  1  3  3  2    2    2    2    6    3    1    0.175174D-03
  1  1  1  3  3  2    2    2    2    6    3    2    0.191670D-03
  1  1  1  3  3  2    2    2    2    6    3    3    0.200155D-03
  1  1  1  3  3  2    2    2    2    6    3    4    0.180508D-03
  1  1  1  3  3  2    2    2    2    6    3    5    0.194443D-03
  1  1  1  3  3  2    2    2    2    6    3    6    0.203096D-03
  1  1  1  3  3  2    2    2    2    6    3    7    0.186006D-03
  1  1  1  3  3  2    2    2    2    6    3    8    0.197271D-03
  1  1  1  3  3  2    2    2    2    6    3    9    0.169996D-03
  1  1  1  3  3  2    2    2    2    6    4    1    0.158794D-03
  1  1  1  3  3  2    2    2    2    6    4    2    0.173749D-03
  1  1  1  3  3  2    2    2    2    6    4    3    0.181440D-03
  1  1  1  3  3  2    2    2    2    6    4    4    0.163630D-03
  1  1  1  3  3  2    2    2    2    6    4    5    0.176262D-03
  1  1  1  3  3  2    2    2    2    6    4    6    0.184106D-03
  1  1  1  3  3  2    2    2    2    6    4    7    0.168614D-03
  1  1  1  3  3  2    2    2    2    6    4    8    0.178826D-03
  1  1  1  3  3  2    2    2    2    6    4    9    0.154101D-03
  1  1  1  3  3  2    2    2    2    6    5    1    0.170166D-03
  1  1  1  3  3  2    2    2    2    6    5    2    0.186192D-03
  1  1  1  3  3  2    2    2    2    6    5    3    0.194434D-03
  1  1  1  3  3  2    2    2    2    6    5    4    0.175349D-03
  1  1  1  3  3  2    2    2    2    6    5    5    0.188885D-03
  1  1  1  3  3  2    2    2    2    6    5    6    0.197291D-03
  1  1  1  3  3  2    2    2    2    6    5    7    0.180689D-03
  1  1  1  3  3  2    2    2    2    6    5    8    0.191632D-03
  1  1  1  3  3  2    2    2    2    6    5    9    0.165137D-03
  1  1  1  3  3  2    2    2    2    6    6    1    0.177752D-03
  1  1  1  3  3  2    2    2    2    6    6    2    0.194492D-03
  1  1  1  3  3  2    2    2    2    6    6    3    0.203101D-03
  1  1  1  3  3  2    2    2    2    6    6    4    0.183166D-03
  1  1  1  3  3  2    2    2    2    6    6    5    0.197306D-03
  1  1  1  3  3  2    2    2    2    6    6    6    0.206086D-03
  1  1  1  3  3  2    2    2    2    6    6    7    0.188744D-03
  1  1  1  3  3  2    2    2    2    6    6    8    0.200175D-03
  1  1  1  3  3  2    2    2    2    6    6    9    0.172499D-03
  1  1  1  3  3  2    2    2    2    6    7    1    0.163630D-03
  1  1  1  3  3  2    2    2    2    6    7    2    0.179040D-03
  1  1  1  3  3  2    2    2    2    6    7    3    0.186965D-03
  1  1  1  3  3  2    2    2    2    6    7    4    0.168614D-03
  1  1  1  3  3  2    2    2    2    6    7    5    0.181630D-03
  1  1  1  3  3  2    2    2    2    6    7    6    0.189713D-03
  1  1  1  3  3  2    2    2    2    6    7    7    0.173749D-03
  1  1  1  3  3  2    2    2    2    6    7    8    0.184272D-03
  1  1  1  3  3  2    2    2    2    6    7    9    0.158794D-03
  1  1  1  3  3  2    2    2    2    6    8    1    0.172645D-03
  1  1  1  3  3  2    2    2    2    6    8    2    0.188904D-03
  1  1  1  3  3  2    2    2    2    6    8    3    0.197266D-03
  1  1  1  3  3  2    2    2    2    6    8    4    0.177903D-03
  1  1  1  3  3  2    2    2    2    6    8    5    0.191637D-03
  1  1  1  3  3  2    2    2    2    6    8    6    0.200165D-03
  1  1  1  3  3  2    2    2    2    6    8    7    0.183321D-03
  1  1  1  3  3  2    2    2    2    6    8    8    0.194424D-03
  1  1  1  3  3  2    2    2    2    6    8    9    0.167543D-03
  1  1  1  3  3  2    2    2    2    6    9    1    0.149547D-03
  1  1  1  3  3  2    2    2    2    6    9    2    0.163630D-03
  1  1  1  3  3  2    2    2    2    6    9    3    0.170873D-03
  1  1  1  3  3  2    2    2    2    6    9    4    0.154101D-03
  1  1  1  3  3  2    2    2    2    6    9    5    0.165997D-03
  1  1  1  3  3  2    2    2    2    6    9    6    0.173384D-03
  1  1  1  3  3  2    2    2    2    6    9    7    0.158794D-03
  1  1  1  3  3  2    2    2    2    6    9    8    0.168412D-03
  1  1  1  3  3  2    2    2    2    6    9    9    0.145127D-03
  1  1  1  3  3  2    2    2    2    7    1    1    0.141858D-03
  1  1  1  3  3  2    2    2    2    7    1    2    0.155218D-03
  1  1  1  3  3  2    2    2    2    7    1    3    0.162089D-03
  1  1  1  3  3  2    2    2    2    7    1    4    0.146179D-03
  1  1  1  3  3  2    2    2    2    7    1    5    0.157463D-03
  1  1  1  3  3  2    2    2    2    7    1    6    0.164470D-03
  1  1  1  3  3  2    2    2    2    7    1    7    0.150630D-03
  1  1  1  3  3  2    2    2    2    7    1    8    0.159753D-03
  1  1  1  3  3  2    2    2    2    7    1    9    0.137666D-03
  1  1  1  3  3  2    2    2    2    7    2    1    0.154409D-03
  1  1  1  3  3  2    2    2    2    7    2    2    0.168951D-03
  1  1  1  3  3  2    2    2    2    7    2    3    0.176430D-03
  1  1  1  3  3  2    2    2    2    7    2    4    0.159112D-03
  1  1  1  3  3  2    2    2    2    7    2    5    0.171395D-03
  1  1  1  3  3  2    2    2    2    7    2    6    0.179022D-03
  1  1  1  3  3  2    2    2    2    7    2    7    0.163958D-03
  1  1  1  3  3  2    2    2    2    7    2    8    0.173888D-03
  1  1  1  3  3  2    2    2    2    7    2    9    0.149846D-03
  1  1  1  3  3  2    2    2    2    7    3    1    0.161257D-03
  1  1  1  3  3  2    2    2    2    7    3    2    0.176443D-03
  1  1  1  3  3  2    2    2    2    7    3    3    0.184253D-03
  1  1  1  3  3  2    2    2    2    7    3    4    0.166168D-03
  1  1  1  3  3  2    2    2    2    7    3    5    0.178995D-03
  1  1  1  3  3  2    2    2    2    7    3    6    0.186961D-03
  1  1  1  3  3  2    2    2    2    7    3    7    0.171228D-03
  1  1  1  3  3  2    2    2    2    7    3    8    0.181598D-03
  1  1  1  3  3  2    2    2    2    7    3    9    0.156491D-03
  1  1  1  3  3  2    2    2    2    7    4    1    0.146179D-03
  1  1  1  3  3  2    2    2    2    7    4    2    0.159945D-03
  1  1  1  3  3  2    2    2    2    7    4    3    0.167025D-03
  1  1  1  3  3  2    2    2    2    7    4    4    0.150630D-03
  1  1  1  3  3  2    2    2    2    7    4    5    0.162259D-03
  1  1  1  3  3  2    2    2    2    7    4    6    0.169479D-03
  1  1  1  3  3  2    2    2    2    7    4    7    0.155218D-03
  1  1  1  3  3  2    2    2    2    7    4    8    0.164618D-03
  1  1  1  3  3  2    2    2    2    7    4    9    0.141858D-03
  1  1  1  3  3  2    2    2    2    7    5    1    0.156647D-03
  1  1  1  3  3  2    2    2    2    7    5    2    0.171399D-03
  1  1  1  3  3  2    2    2    2    7    5    3    0.178986D-03
  1  1  1  3  3  2    2    2    2    7    5    4    0.161418D-03
  1  1  1  3  3  2    2    2    2    7    5    5    0.173879D-03
  1  1  1  3  3  2    2    2    2    7    5    6    0.181617D-03
  1  1  1  3  3  2    2    2    2    7    5    7    0.166334D-03
  1  1  1  3  3  2    2    2    2    7    5    8    0.176408D-03
  1  1  1  3  3  2    2    2    2    7    5    9    0.152018D-03
  1  1  1  3  3  2    2    2    2    7    6    1    0.163630D-03
  1  1  1  3  3  2    2    2    2    7    6    2    0.179040D-03
  1  1  1  3  3  2    2    2    2    7    6    3    0.186965D-03
  1  1  1  3  3  2    2    2    2    7    6    4    0.168614D-03
  1  1  1  3  3  2    2    2    2    7    6    5    0.181630D-03
  1  1  1  3  3  2    2    2    2    7    6    6    0.189713D-03
  1  1  1  3  3  2    2    2    2    7    6    7    0.173749D-03
  1  1  1  3  3  2    2    2    2    7    6    8    0.184272D-03
  1  1  1  3  3  2    2    2    2    7    6    9    0.158794D-03
  1  1  1  3  3  2    2    2    2    7    7    1    0.150630D-03
  1  1  1  3  3  2    2    2    2    7    7    2    0.164816D-03
  1  1  1  3  3  2    2    2    2    7    7    3    0.172111D-03
  1  1  1  3  3  2    2    2    2    7    7    4    0.155218D-03
  1  1  1  3  3  2    2    2    2    7    7    5    0.167200D-03
  1  1  1  3  3  2    2    2    2    7    7    6    0.174641D-03
  1  1  1  3  3  2    2    2    2    7    7    7    0.159945D-03
  1  1  1  3  3  2    2    2    2    7    7    8    0.169632D-03
  1  1  1  3  3  2    2    2    2    7    7    9    0.146179D-03
  1  1  1  3  3  2    2    2    2    7    8    1    0.158929D-03
  1  1  1  3  3  2    2    2    2    7    8    2    0.173896D-03
  1  1  1  3  3  2    2    2    2    7    8    3    0.181594D-03
  1  1  1  3  3  2    2    2    2    7    8    4    0.163769D-03
  1  1  1  3  3  2    2    2    2    7    8    5    0.176412D-03
  1  1  1  3  3  2    2    2    2    7    8    6    0.184262D-03
  1  1  1  3  3  2    2    2    2    7    8    7    0.168757D-03
  1  1  1  3  3  2    2    2    2    7    8    8    0.178978D-03
  1  1  1  3  3  2    2    2    2    7    8    9    0.154232D-03
  1  1  1  3  3  2    2    2    2    7    9    1    0.137666D-03
  1  1  1  3  3  2    2    2    2    7    9    2    0.150630D-03
  1  1  1  3  3  2    2    2    2    7    9    3    0.157298D-03
  1  1  1  3  3  2    2    2    2    7    9    4    0.141858D-03
  1  1  1  3  3  2    2    2    2    7    9    5    0.152809D-03
  1  1  1  3  3  2    2    2    2    7    9    6    0.159609D-03
  1  1  1  3  3  2    2    2    2    7    9    7    0.146179D-03
  1  1  1  3  3  2    2    2    2    7    9    8    0.155032D-03
  1  1  1  3  3  2    2    2    2    7    9    9    0.133597D-03
  1  1  1  3  3  2    2    2    2    8    1    1    0.149674D-03
  1  1  1  3  3  2    2    2    2    8    1    2    0.163769D-03
  1  1  1  3  3  2    2    2    2    8    1    3    0.171019D-03
  1  1  1  3  3  2    2    2    2    8    1    4    0.154232D-03
  1  1  1  3  3  2    2    2    2    8    1    5    0.166139D-03
  1  1  1  3  3  2    2    2    2    8    1    6    0.173532D-03
  1  1  1  3  3  2    2    2    2    8    1    7    0.158929D-03
  1  1  1  3  3  2    2    2    2    8    1    8    0.168555D-03
  1  1  1  3  3  2    2    2    2    8    1    9    0.145250D-03
  1  1  1  3  3  2    2    2    2    8    2    1    0.162917D-03
  1  1  1  3  3  2    2    2    2    8    2    2    0.178259D-03
  1  1  1  3  3  2    2    2    2    8    2    3    0.186150D-03
  1  1  1  3  3  2    2    2    2    8    2    4    0.167878D-03
  1  1  1  3  3  2    2    2    2    8    2    5    0.180838D-03
  1  1  1  3  3  2    2    2    2    8    2    6    0.188885D-03
  1  1  1  3  3  2    2    2    2    8    2    7    0.172991D-03
  1  1  1  3  3  2    2    2    2    8    2    8    0.183468D-03
  1  1  1  3  3  2    2    2    2    8    2    9    0.158102D-03
  1  1  1  3  3  2    2    2    2    8    3    1    0.170141D-03
  1  1  1  3  3  2    2    2    2    8    3    2    0.186164D-03
  1  1  1  3  3  2    2    2    2    8    3    3    0.194405D-03
  1  1  1  3  3  2    2    2    2    8    3    4    0.175323D-03
  1  1  1  3  3  2    2    2    2    8    3    5    0.188857D-03
  1  1  1  3  3  2    2    2    2    8    3    6    0.197261D-03
  1  1  1  3  3  2    2    2    2    8    3    7    0.180662D-03
  1  1  1  3  3  2    2    2    2    8    3    8    0.191604D-03
  1  1  1  3  3  2    2    2    2    8    3    9    0.165113D-03
  1  1  1  3  3  2    2    2    2    8    4    1    0.154232D-03
  1  1  1  3  3  2    2    2    2    8    4    2    0.168757D-03
  1  1  1  3  3  2    2    2    2    8    4    3    0.176227D-03
  1  1  1  3  3  2    2    2    2    8    4    4    0.158929D-03
  1  1  1  3  3  2    2    2    2    8    4    5    0.171198D-03
  1  1  1  3  3  2    2    2    2    8    4    6    0.178817D-03
  1  1  1  3  3  2    2    2    2    8    4    7    0.163769D-03
  1  1  1  3  3  2    2    2    2    8    4    8    0.173688D-03
  1  1  1  3  3  2    2    2    2    8    4    9    0.149674D-03
  1  1  1  3  3  2    2    2    2    8    5    1    0.165278D-03
  1  1  1  3  3  2    2    2    2    8    5    2    0.180843D-03
  1  1  1  3  3  2    2    2    2    8    5    3    0.188848D-03
  1  1  1  3  3  2    2    2    2    8    5    4    0.170311D-03
  1  1  1  3  3  2    2    2    2    8    5    5    0.183459D-03
  1  1  1  3  3  2    2    2    2    8    5    6    0.191623D-03
  1  1  1  3  3  2    2    2    2    8    5    7    0.175498D-03
  1  1  1  3  3  2    2    2    2    8    5    8    0.186127D-03
  1  1  1  3  3  2    2    2    2    8    5    9    0.160393D-03
  1  1  1  3  3  2    2    2    2    8    6    1    0.172645D-03
  1  1  1  3  3  2    2    2    2    8    6    2    0.188904D-03
  1  1  1  3  3  2    2    2    2    8    6    3    0.197266D-03
  1  1  1  3  3  2    2    2    2    8    6    4    0.177903D-03
  1  1  1  3  3  2    2    2    2    8    6    5    0.191637D-03
  1  1  1  3  3  2    2    2    2    8    6    6    0.200165D-03
  1  1  1  3  3  2    2    2    2    8    6    7    0.183321D-03
  1  1  1  3  3  2    2    2    2    8    6    8    0.194424D-03
  1  1  1  3  3  2    2    2    2    8    6    9    0.167543D-03
  1  1  1  3  3  2    2    2    2    8    7    1    0.158929D-03
  1  1  1  3  3  2    2    2    2    8    7    2    0.173896D-03
  1  1  1  3  3  2    2    2    2    8    7    3    0.181594D-03
  1  1  1  3  3  2    2    2    2    8    7    4    0.163769D-03
  1  1  1  3  3  2    2    2    2    8    7    5    0.176412D-03
  1  1  1  3  3  2    2    2    2    8    7    6    0.184262D-03
  1  1  1  3  3  2    2    2    2    8    7    7    0.168757D-03
  1  1  1  3  3  2    2    2    2    8    7    8    0.178978D-03
  1  1  1  3  3  2    2    2    2    8    7    9    0.154232D-03
  1  1  1  3  3  2    2    2    2    8    8    1    0.167685D-03
  1  1  1  3  3  2    2    2    2    8    8    2    0.183477D-03
  1  1  1  3  3  2    2    2    2    8    8    3    0.191599D-03
  1  1  1  3  3  2    2    2    2    8    8    4    0.172792D-03
  1  1  1  3  3  2    2    2    2    8    8    5    0.186131D-03
  1  1  1  3  3  2    2    2    2    8    8    6    0.194414D-03
  1  1  1  3  3  2    2    2    2    8    8    7    0.178054D-03
  1  1  1  3  3  2    2    2    2    8    8    8    0.188838D-03
  1  1  1  3  3  2    2    2    2    8    8    9    0.162730D-03
  1  1  1  3  3  2    2    2    2    8    9    1    0.145250D-03
  1  1  1  3  3  2    2    2    2    8    9    2    0.158929D-03
  1  1  1  3  3  2    2    2    2    8    9    3    0.165964D-03
  1  1  1  3  3  2    2    2    2    8    9    4    0.149674D-03
  1  1  1  3  3  2    2    2    2    8    9    5    0.161228D-03
  1  1  1  3  3  2    2    2    2    8    9    6    0.168403D-03
  1  1  1  3  3  2    2    2    2    8    9    7    0.154232D-03
  1  1  1  3  3  2    2    2    2    8    9    8    0.163573D-03
  1  1  1  3  3  2    2    2    2    8    9    9    0.140958D-03
  1  1  1  3  3  2    2    2    2    9    1    1    0.129649D-03
  1  1  1  3  3  2    2    2    2    9    1    2    0.141858D-03
  1  1  1  3  3  2    2    2    2    9    1    3    0.148138D-03
  1  1  1  3  3  2    2    2    2    9    1    4    0.133597D-03
  1  1  1  3  3  2    2    2    2    9    1    5    0.143911D-03
  1  1  1  3  3  2    2    2    2    9    1    6    0.150315D-03
  1  1  1  3  3  2    2    2    2    9    1    7    0.137666D-03
  1  1  1  3  3  2    2    2    2    9    1    8    0.146003D-03
  1  1  1  3  3  2    2    2    2    9    1    9    0.125817D-03
  1  1  1  3  3  2    2    2    2    9    2    1    0.141120D-03
  1  1  1  3  3  2    2    2    2    9    2    2    0.154409D-03
  1  1  1  3  3  2    2    2    2    9    2    3    0.161245D-03
  1  1  1  3  3  2    2    2    2    9    2    4    0.145417D-03
  1  1  1  3  3  2    2    2    2    9    2    5    0.156643D-03
  1  1  1  3  3  2    2    2    2    9    2    6    0.163614D-03
  1  1  1  3  3  2    2    2    2    9    2    7    0.149846D-03
  1  1  1  3  3  2    2    2    2    9    2    8    0.158921D-03
  1  1  1  3  3  2    2    2    2    9    2    9    0.136949D-03
  1  1  1  3  3  2    2    2    2    9    3    1    0.147377D-03
  1  1  1  3  3  2    2    2    2    9    3    2    0.161257D-03
  1  1  1  3  3  2    2    2    2    9    3    3    0.168395D-03
  1  1  1  3  3  2    2    2    2    9    3    4    0.151866D-03
  1  1  1  3  3  2    2    2    2    9    3    5    0.163589D-03
  1  1  1  3  3  2    2    2    2    9    3    6    0.170869D-03
  1  1  1  3  3  2    2    2    2    9    3    7    0.156491D-03
  1  1  1  3  3  2    2    2    2    9    3    8    0.165968D-03
  1  1  1  3  3  2    2    2    2    9    3    9    0.143022D-03
  1  1  1  3  3  2    2    2    2    9    4    1    0.133597D-03
  1  1  1  3  3  2    2    2    2    9    4    2    0.146179D-03
  1  1  1  3  3  2    2    2    2    9    4    3    0.152649D-03
  1  1  1  3  3  2    2    2    2    9    4    4    0.137666D-03
  1  1  1  3  3  2    2    2    2    9    4    5    0.148293D-03
  1  1  1  3  3  2    2    2    2    9    4    6    0.154892D-03
  1  1  1  3  3  2    2    2    2    9    4    7    0.141858D-03
  1  1  1  3  3  2    2    2    2    9    4    8    0.150450D-03
  1  1  1  3  3  2    2    2    2    9    4    9    0.129649D-03
  1  1  1  3  3  2    2    2    2    9    5    1    0.143165D-03
  1  1  1  3  3  2    2    2    2    9    5    2    0.156647D-03
  1  1  1  3  3  2    2    2    2    9    5    3    0.163581D-03
  1  1  1  3  3  2    2    2    2    9    5    4    0.147525D-03
  1  1  1  3  3  2    2    2    2    9    5    5    0.158913D-03
  1  1  1  3  3  2    2    2    2    9    5    6    0.165985D-03
  1  1  1  3  3  2    2    2    2    9    5    7    0.152018D-03
  1  1  1  3  3  2    2    2    2    9    5    8    0.161224D-03
  1  1  1  3  3  2    2    2    2    9    5    9    0.138934D-03
  1  1  1  3  3  2    2    2    2    9    6    1    0.149547D-03
  1  1  1  3  3  2    2    2    2    9    6    2    0.163630D-03
  1  1  1  3  3  2    2    2    2    9    6    3    0.170873D-03
  1  1  1  3  3  2    2    2    2    9    6    4    0.154101D-03
  1  1  1  3  3  2    2    2    2    9    6    5    0.165997D-03
  1  1  1  3  3  2    2    2    2    9    6    6    0.173384D-03
  1  1  1  3  3  2    2    2    2    9    6    7    0.158794D-03
  1  1  1  3  3  2    2    2    2    9    6    8    0.168412D-03
  1  1  1  3  3  2    2    2    2    9    6    9    0.145127D-03
  1  1  1  3  3  2    2    2    2    9    7    1    0.137666D-03
  1  1  1  3  3  2    2    2    2    9    7    2    0.150630D-03
  1  1  1  3  3  2    2    2    2    9    7    3    0.157298D-03
  1  1  1  3  3  2    2    2    2    9    7    4    0.141858D-03
  1  1  1  3  3  2    2    2    2    9    7    5    0.152809D-03
  1  1  1  3  3  2    2    2    2    9    7    6    0.159609D-03
  1  1  1  3  3  2    2    2    2    9    7    7    0.146179D-03
  1  1  1  3  3  2    2    2    2    9    7    8    0.155032D-03
  1  1  1  3  3  2    2    2    2    9    7    9    0.133597D-03
  1  1  1  3  3  2    2    2    2    9    8    1    0.145250D-03
  1  1  1  3  3  2    2    2    2    9    8    2    0.158929D-03
  1  1  1  3  3  2    2    2    2    9    8    3    0.165964D-03
  1  1  1  3  3  2    2    2    2    9    8    4    0.149674D-03
  1  1  1  3  3  2    2    2    2    9    8    5    0.161228D-03
  1  1  1  3  3  2    2    2    2    9    8    6    0.168403D-03
  1  1  1  3  3  2    2    2    2    9    8    7    0.154232D-03
  1  1  1  3  3  2    2    2    2    9    8    8    0.163573D-03
  1  1  1  3  3  2    2    2    2    9    8    9    0.140958D-03
  1  1  1  3  3  2    2    2    2    9    9    1    0.125817D-03
  1  1  1  3  3  2    2    2    2    9    9    2    0.137666D-03
  1  1  1  3  3  2    2    2    2    9    9    3    0.143760D-03
  1  1  1  3  3  2    2    2    2    9    9    4    0.129649D-03
  1  1  1  3  3  2    2    2    2    9    9    5    0.139657D-03
  1  1  1  3  3  2    2    2    2    9    9    6    0.145872D-03
  1  1  1  3  3  2    2    2    2    9    9    7    0.133597D-03
  1  1  1  3  3  2    2    2    2    9    9    8    0.141688D-03
  1  1  1  3  3  2    2    2    2    9    9    9    0.122099D-03
  1  1  1  3  3  2    1    1    1    1    1    1    0.225111D-03
  1  1  1  3  3  2    1    1    1    1    1    2    0.228470D-03
  1  1  1  3  3  2    1    1    1    1    1    3    0.218458D-03
  1  1  1  3  3  2    1    1    1    1    2    1    0.228476D-03
  1  1  1  3  3  2    1    1    1    1    2    2    0.231885D-03
  1  1  1  3  3  2    1    1    1    1    2    3    0.221723D-03
  1  1  1  3  3  2    1    1    1    1    3    1    0.219568D-03
  1  1  1  3  3  2    1    1    1    1    3    2    0.222845D-03
  1  1  1  3  3  2    1    1    1    1    3    3    0.213079D-03
  1  1  1  3  3  2    1    1    1    2    1    1    0.228476D-03
  1  1  1  3  3  2    1    1    1    2    1    2    0.231885D-03
  1  1  1  3  3  2    1    1    1    2    1    3    0.221723D-03
  1  1  1  3  3  2    1    1    1    2    2    1    0.231891D-03
  1  1  1  3  3  2    1    1    1    2    2    2    0.235351D-03
  1  1  1  3  3  2    1    1    1    2    2    3    0.225038D-03
  1  1  1  3  3  2    1    1    1    2    3    1    0.222850D-03
  1  1  1  3  3  2    1    1    1    2    3    2    0.226176D-03
  1  1  1  3  3  2    1    1    1    2    3    3    0.216264D-03
  1  1  1  3  3  2    1    1    1    3    1    1    0.219568D-03
  1  1  1  3  3  2    1    1    1    3    1    2    0.222845D-03
  1  1  1  3  3  2    1    1    1    3    1    3    0.213079D-03
  1  1  1  3  3  2    1    1    1    3    2    1    0.222850D-03
  1  1  1  3  3  2    1    1    1    3    2    2    0.226176D-03
  1  1  1  3  3  2    1    1    1    3    2    3    0.216264D-03
  1  1  1  3  3  2    1    1    1    3    3    1    0.214162D-03
  1  1  1  3  3  2    1    1    1    3    3    2    0.217358D-03
  1  1  1  3  3  2    1    1    1    3    3    3    0.207833D-03
  1  1  1  3  3  2    0    0    0    1    1    1    0.246113D-03
