  1  1  1  1  1  1    2    2    2    1    1    1    0.139049D-03
  1  1  1  1  1  1    2    2    2    1    1    2    0.150565D-03
  1  1  1  1  1  1    2    2    2    1    1    3    0.157254D-03
  1  1  1  1  1  1    2    2    2    1    1    4    0.143284D-03
  1  1  1  1  1  1    2    2    2    1    1    5    0.152751D-03
  1  1  1  1  1  1    2    2    2    1    1    6    0.130952D-03
  1  1  1  1  1  1    2    2    2    1    1    7    0.147648D-03
  1  1  1  1  1  1    2    2    2    1    1    8    0.154980D-03
  1  1  1  1  1  1    2    2    2    1    1    9    0.134940D-03
  1  1  1  1  1  1    2    2    2    1    2    1    0.150565D-03
  1  1  1  1  1  1    2    2    2    1    2    2    0.163035D-03
  1  1  1  1  1  1    2    2    2    1    2    3    0.170277D-03
  1  1  1  1  1  1    2    2    2    1    2    4    0.155151D-03
  1  1  1  1  1  1    2    2    2    1    2    5    0.165402D-03
  1  1  1  1  1  1    2    2    2    1    2    6    0.141797D-03
  1  1  1  1  1  1    2    2    2    1    2    7    0.159876D-03
  1  1  1  1  1  1    2    2    2    1    2    8    0.167815D-03
  1  1  1  1  1  1    2    2    2    1    2    9    0.146115D-03
  1  1  1  1  1  1    2    2    2    1    3    1    0.157254D-03
  1  1  1  1  1  1    2    2    2    1    3    2    0.170277D-03
  1  1  1  1  1  1    2    2    2    1    3    3    0.177841D-03
  1  1  1  1  1  1    2    2    2    1    3    4    0.162043D-03
  1  1  1  1  1  1    2    2    2    1    3    5    0.172749D-03
  1  1  1  1  1  1    2    2    2    1    3    6    0.148096D-03
  1  1  1  1  1  1    2    2    2    1    3    7    0.166978D-03
  1  1  1  1  1  1    2    2    2    1    3    8    0.175270D-03
  1  1  1  1  1  1    2    2    2    1    3    9    0.152606D-03
  1  1  1  1  1  1    2    2    2    1    4    1    0.143284D-03
  1  1  1  1  1  1    2    2    2    1    4    2    0.155151D-03
  1  1  1  1  1  1    2    2    2    1    4    3    0.162043D-03
  1  1  1  1  1  1    2    2    2    1    4    4    0.147648D-03
  1  1  1  1  1  1    2    2    2    1    4    5    0.157403D-03
  1  1  1  1  1  1    2    2    2    1    4    6    0.134940D-03
  1  1  1  1  1  1    2    2    2    1    4    7    0.152144D-03
  1  1  1  1  1  1    2    2    2    1    4    8    0.159700D-03
  1  1  1  1  1  1    2    2    2    1    4    9    0.139049D-03
  1  1  1  1  1  1    2    2    2    1    5    1    0.152751D-03
  1  1  1  1  1  1    2    2    2    1    5    2    0.165402D-03
  1  1  1  1  1  1    2    2    2    1    5    3    0.172749D-03
  1  1  1  1  1  1    2    2    2    1    5    4    0.157403D-03
  1  1  1  1  1  1    2    2    2    1    5    5    0.167803D-03
  1  1  1  1  1  1    2    2    2    1    5    6    0.143855D-03
  1  1  1  1  1  1    2    2    2    1    5    7    0.162197D-03
  1  1  1  1  1  1    2    2    2    1    5    8    0.170252D-03
  1  1  1  1  1  1    2    2    2    1    5    9    0.148236D-03
  1  1  1  1  1  1    2    2    2    1    6    1    0.130952D-03
  1  1  1  1  1  1    2    2    2    1    6    2    0.141797D-03
  1  1  1  1  1  1    2    2    2    1    6    3    0.148096D-03
  1  1  1  1  1  1    2    2    2    1    6    4    0.134940D-03
  1  1  1  1  1  1    2    2    2    1    6    5    0.143855D-03
  1  1  1  1  1  1    2    2    2    1    6    6    0.123326D-03
  1  1  1  1  1  1    2    2    2    1    6    7    0.139049D-03
  1  1  1  1  1  1    2    2    2    1    6    8    0.145955D-03
  1  1  1  1  1  1    2    2    2    1    6    9    0.127081D-03
  1  1  1  1  1  1    2    2    2    1    7    1    0.147648D-03
  1  1  1  1  1  1    2    2    2    1    7    2    0.159876D-03
  1  1  1  1  1  1    2    2    2    1    7    3    0.166978D-03
  1  1  1  1  1  1    2    2    2    1    7    4    0.152144D-03
  1  1  1  1  1  1    2    2    2    1    7    5    0.162197D-03
  1  1  1  1  1  1    2    2    2    1    7    6    0.139049D-03
  1  1  1  1  1  1    2    2    2    1    7    7    0.156778D-03
  1  1  1  1  1  1    2    2    2    1    7    8    0.164564D-03
  1  1  1  1  1  1    2    2    2    1    7    9    0.143284D-03
  1  1  1  1  1  1    2    2    2    1    8    1    0.154980D-03
  1  1  1  1  1  1    2    2    2    1    8    2    0.167815D-03
  1  1  1  1  1  1    2    2    2    1    8    3    0.175270D-03
  1  1  1  1  1  1    2    2    2    1    8    4    0.159700D-03
  1  1  1  1  1  1    2    2    2    1    8    5    0.170252D-03
  1  1  1  1  1  1    2    2    2    1    8    6    0.145955D-03
  1  1  1  1  1  1    2    2    2    1    8    7    0.164564D-03
  1  1  1  1  1  1    2    2    2    1    8    8    0.172736D-03
  1  1  1  1  1  1    2    2    2    1    8    9    0.150400D-03
  1  1  1  1  1  1    2    2    2    1    9    1    0.134940D-03
  1  1  1  1  1  1    2    2    2    1    9    2    0.146115D-03
  1  1  1  1  1  1    2    2    2    1    9    3    0.152606D-03
  1  1  1  1  1  1    2    2    2    1    9    4    0.139049D-03
  1  1  1  1  1  1    2    2    2    1    9    5    0.148236D-03
  1  1  1  1  1  1    2    2    2    1    9    6    0.127081D-03
  1  1  1  1  1  1    2    2    2    1    9    7    0.143284D-03
  1  1  1  1  1  1    2    2    2    1    9    8    0.150400D-03
  1  1  1  1  1  1    2    2    2    1    9    9    0.130952D-03
  1  1  1  1  1  1    2    2    2    2    1    1    0.150565D-03
  1  1  1  1  1  1    2    2    2    2    1    2    0.163035D-03
  1  1  1  1  1  1    2    2    2    2    1    3    0.170277D-03
  1  1  1  1  1  1    2    2    2    2    1    4    0.155151D-03
  1  1  1  1  1  1    2    2    2    2    1    5    0.165402D-03
  1  1  1  1  1  1    2    2    2    2    1    6    0.141797D-03
  1  1  1  1  1  1    2    2    2    2    1    7    0.159876D-03
  1  1  1  1  1  1    2    2    2    2    1    8    0.167815D-03
  1  1  1  1  1  1    2    2    2    2    1    9    0.146115D-03
  1  1  1  1  1  1    2    2    2    2    2    1    0.163035D-03
  1  1  1  1  1  1    2    2    2    2    2    2    0.176537D-03
  1  1  1  1  1  1    2    2    2    2    2    3    0.184379D-03
  1  1  1  1  1  1    2    2    2    2    2    4    0.168000D-03
  1  1  1  1  1  1    2    2    2    2    2    5    0.179100D-03
  1  1  1  1  1  1    2    2    2    2    2    6    0.153540D-03
  1  1  1  1  1  1    2    2    2    2    2    7    0.173116D-03
  1  1  1  1  1  1    2    2    2    2    2    8    0.181713D-03
  1  1  1  1  1  1    2    2    2    2    2    9    0.158216D-03
  1  1  1  1  1  1    2    2    2    2    3    1    0.170277D-03
  1  1  1  1  1  1    2    2    2    2    3    2    0.184379D-03
  1  1  1  1  1  1    2    2    2    2    3    3    0.192570D-03
  1  1  1  1  1  1    2    2    2    2    3    4    0.175463D-03
  1  1  1  1  1  1    2    2    2    2    3    5    0.187056D-03
  1  1  1  1  1  1    2    2    2    2    3    6    0.160361D-03
  1  1  1  1  1  1    2    2    2    2    3    7    0.180806D-03
  1  1  1  1  1  1    2    2    2    2    3    8    0.189786D-03
  1  1  1  1  1  1    2    2    2    2    3    9    0.165245D-03
  1  1  1  1  1  1    2    2    2    2    4    1    0.155151D-03
  1  1  1  1  1  1    2    2    2    2    4    2    0.168000D-03
  1  1  1  1  1  1    2    2    2    2    4    3    0.175463D-03
  1  1  1  1  1  1    2    2    2    2    4    4    0.159876D-03
  1  1  1  1  1  1    2    2    2    2    4    5    0.170439D-03
  1  1  1  1  1  1    2    2    2    2    4    6    0.146115D-03
  1  1  1  1  1  1    2    2    2    2    4    7    0.164744D-03
  1  1  1  1  1  1    2    2    2    2    4    8    0.172926D-03
  1  1  1  1  1  1    2    2    2    2    4    9    0.150565D-03
  1  1  1  1  1  1    2    2    2    2    5    1    0.165402D-03
  1  1  1  1  1  1    2    2    2    2    5    2    0.179100D-03
  1  1  1  1  1  1    2    2    2    2    5    3    0.187056D-03
  1  1  1  1  1  1    2    2    2    2    5    4    0.170439D-03
  1  1  1  1  1  1    2    2    2    2    5    5    0.181700D-03
  1  1  1  1  1  1    2    2    2    2    5    6    0.155769D-03
  1  1  1  1  1  1    2    2    2    2    5    7    0.175629D-03
  1  1  1  1  1  1    2    2    2    2    5    8    0.184351D-03
  1  1  1  1  1  1    2    2    2    2    5    9    0.160513D-03
  1  1  1  1  1  1    2    2    2    2    6    1    0.141797D-03
  1  1  1  1  1  1    2    2    2    2    6    2    0.153540D-03
  1  1  1  1  1  1    2    2    2    2    6    3    0.160361D-03
  1  1  1  1  1  1    2    2    2    2    6    4    0.146115D-03
  1  1  1  1  1  1    2    2    2    2    6    5    0.155769D-03
  1  1  1  1  1  1    2    2    2    2    6    6    0.133539D-03
  1  1  1  1  1  1    2    2    2    2    6    7    0.150565D-03
  1  1  1  1  1  1    2    2    2    2    6    8    0.158042D-03
  1  1  1  1  1  1    2    2    2    2    6    9    0.137606D-03
  1  1  1  1  1  1    2    2    2    2    7    1    0.159876D-03
  1  1  1  1  1  1    2    2    2    2    7    2    0.173116D-03
  1  1  1  1  1  1    2    2    2    2    7    3    0.180806D-03
  1  1  1  1  1  1    2    2    2    2    7    4    0.164744D-03
  1  1  1  1  1  1    2    2    2    2    7    5    0.175629D-03
  1  1  1  1  1  1    2    2    2    2    7    6    0.150565D-03
  1  1  1  1  1  1    2    2    2    2    7    7    0.169762D-03
  1  1  1  1  1  1    2    2    2    2    7    8    0.178192D-03
  1  1  1  1  1  1    2    2    2    2    7    9    0.155151D-03
  1  1  1  1  1  1    2    2    2    2    8    1    0.167815D-03
  1  1  1  1  1  1    2    2    2    2    8    2    0.181713D-03
  1  1  1  1  1  1    2    2    2    2    8    3    0.189786D-03
  1  1  1  1  1  1    2    2    2    2    8    4    0.172926D-03
  1  1  1  1  1  1    2    2    2    2    8    5    0.184351D-03
  1  1  1  1  1  1    2    2    2    2    8    6    0.158042D-03
  1  1  1  1  1  1    2    2    2    2    8    7    0.178192D-03
  1  1  1  1  1  1    2    2    2    2    8    8    0.187042D-03
  1  1  1  1  1  1    2    2    2    2    8    9    0.162856D-03
  1  1  1  1  1  1    2    2    2    2    9    1    0.146115D-03
  1  1  1  1  1  1    2    2    2    2    9    2    0.158216D-03
  1  1  1  1  1  1    2    2    2    2    9    3    0.165245D-03
  1  1  1  1  1  1    2    2    2    2    9    4    0.150565D-03
  1  1  1  1  1  1    2    2    2    2    9    5    0.160513D-03
  1  1  1  1  1  1    2    2    2    2    9    6    0.137606D-03
  1  1  1  1  1  1    2    2    2    2    9    7    0.155151D-03
  1  1  1  1  1  1    2    2    2    2    9    8    0.162856D-03
  1  1  1  1  1  1    2    2    2    2    9    9    0.141797D-03
  1  1  1  1  1  1    2    2    2    3    1    1    0.157254D-03
  1  1  1  1  1  1    2    2    2    3    1    2    0.170277D-03
  1  1  1  1  1  1    2    2    2    3    1    3    0.177841D-03
  1  1  1  1  1  1    2    2    2    3    1    4    0.162043D-03
  1  1  1  1  1  1    2    2    2    3    1    5    0.172749D-03
  1  1  1  1  1  1    2    2    2    3    1    6    0.148096D-03
  1  1  1  1  1  1    2    2    2    3    1    7    0.166978D-03
  1  1  1  1  1  1    2    2    2    3    1    8    0.175270D-03
  1  1  1  1  1  1    2    2    2    3    1    9    0.152606D-03
  1  1  1  1  1  1    2    2    2    3    2    1    0.170277D-03
  1  1  1  1  1  1    2    2    2    3    2    2    0.184379D-03
  1  1  1  1  1  1    2    2    2    3    2    3    0.192570D-03
  1  1  1  1  1  1    2    2    2    3    2    4    0.175463D-03
  1  1  1  1  1  1    2    2    2    3    2    5    0.187056D-03
  1  1  1  1  1  1    2    2    2    3    2    6    0.160361D-03
  1  1  1  1  1  1    2    2    2    3    2    7    0.180806D-03
  1  1  1  1  1  1    2    2    2    3    2    8    0.189786D-03
  1  1  1  1  1  1    2    2    2    3    2    9    0.165245D-03
  1  1  1  1  1  1    2    2    2    3    3    1    0.177841D-03
  1  1  1  1  1  1    2    2    2    3    3    2    0.192570D-03
  1  1  1  1  1  1    2    2    2    3    3    3    0.201124D-03
  1  1  1  1  1  1    2    2    2    3    3    4    0.183257D-03
  1  1  1  1  1  1    2    2    2    3    3    5    0.195365D-03
  1  1  1  1  1  1    2    2    2    3    3    6    0.167484D-03
  1  1  1  1  1  1    2    2    2    3    3    7    0.188838D-03
  1  1  1  1  1  1    2    2    2    3    3    8    0.198216D-03
  1  1  1  1  1  1    2    2    2    3    3    9    0.172585D-03
  1  1  1  1  1  1    2    2    2    3    4    1    0.162043D-03
  1  1  1  1  1  1    2    2    2    3    4    2    0.175463D-03
  1  1  1  1  1  1    2    2    2    3    4    3    0.183257D-03
  1  1  1  1  1  1    2    2    2    3    4    4    0.166978D-03
  1  1  1  1  1  1    2    2    2    3    4    5    0.178010D-03
  1  1  1  1  1  1    2    2    2    3    4    6    0.152606D-03
  1  1  1  1  1  1    2    2    2    3    4    7    0.172063D-03
  1  1  1  1  1  1    2    2    2    3    4    8    0.180608D-03
  1  1  1  1  1  1    2    2    2    3    4    9    0.157254D-03
  1  1  1  1  1  1    2    2    2    3    5    1    0.172749D-03
  1  1  1  1  1  1    2    2    2    3    5    2    0.187056D-03
  1  1  1  1  1  1    2    2    2    3    5    3    0.195365D-03
  1  1  1  1  1  1    2    2    2    3    5    4    0.178010D-03
  1  1  1  1  1  1    2    2    2    3    5    5    0.189771D-03
  1  1  1  1  1  1    2    2    2    3    5    6    0.162689D-03
  1  1  1  1  1  1    2    2    2    3    5    7    0.183431D-03
  1  1  1  1  1  1    2    2    2    3    5    8    0.192541D-03
  1  1  1  1  1  1    2    2    2    3    5    9    0.167643D-03
  1  1  1  1  1  1    2    2    2    3    6    1    0.148096D-03
  1  1  1  1  1  1    2    2    2    3    6    2    0.160361D-03
  1  1  1  1  1  1    2    2    2    3    6    3    0.167484D-03
  1  1  1  1  1  1    2    2    2    3    6    4    0.152606D-03
  1  1  1  1  1  1    2    2    2    3    6    5    0.162689D-03
  1  1  1  1  1  1    2    2    2    3    6    6    0.139471D-03
  1  1  1  1  1  1    2    2    2    3    6    7    0.157254D-03
  1  1  1  1  1  1    2    2    2    3    6    8    0.165063D-03
  1  1  1  1  1  1    2    2    2    3    6    9    0.143719D-03
  1  1  1  1  1  1    2    2    2    3    7    1    0.166978D-03
  1  1  1  1  1  1    2    2    2    3    7    2    0.180806D-03
  1  1  1  1  1  1    2    2    2    3    7    3    0.188838D-03
  1  1  1  1  1  1    2    2    2    3    7    4    0.172063D-03
  1  1  1  1  1  1    2    2    2    3    7    5    0.183431D-03
  1  1  1  1  1  1    2    2    2    3    7    6    0.157254D-03
  1  1  1  1  1  1    2    2    2    3    7    7    0.177303D-03
  1  1  1  1  1  1    2    2    2    3    7    8    0.186108D-03
  1  1  1  1  1  1    2    2    2    3    7    9    0.162043D-03
  1  1  1  1  1  1    2    2    2    3    8    1    0.175270D-03
  1  1  1  1  1  1    2    2    2    3    8    2    0.189786D-03
  1  1  1  1  1  1    2    2    2    3    8    3    0.198216D-03
  1  1  1  1  1  1    2    2    2    3    8    4    0.180608D-03
  1  1  1  1  1  1    2    2    2    3    8    5    0.192541D-03
  1  1  1  1  1  1    2    2    2    3    8    6    0.165063D-03
  1  1  1  1  1  1    2    2    2    3    8    7    0.186108D-03
  1  1  1  1  1  1    2    2    2    3    8    8    0.195351D-03
  1  1  1  1  1  1    2    2    2    3    8    9    0.170090D-03
  1  1  1  1  1  1    2    2    2    3    9    1    0.152606D-03
  1  1  1  1  1  1    2    2    2    3    9    2    0.165245D-03
  1  1  1  1  1  1    2    2    2    3    9    3    0.172585D-03
  1  1  1  1  1  1    2    2    2    3    9    4    0.157254D-03
  1  1  1  1  1  1    2    2    2    3    9    5    0.167643D-03
  1  1  1  1  1  1    2    2    2    3    9    6    0.143719D-03
  1  1  1  1  1  1    2    2    2    3    9    7    0.162043D-03
  1  1  1  1  1  1    2    2    2    3    9    8    0.170090D-03
  1  1  1  1  1  1    2    2    2    3    9    9    0.148096D-03
  1  1  1  1  1  1    2    2    2    4    1    1    0.143284D-03
  1  1  1  1  1  1    2    2    2    4    1    2    0.155151D-03
  1  1  1  1  1  1    2    2    2    4    1    3    0.162043D-03
  1  1  1  1  1  1    2    2    2    4    1    4    0.147648D-03
  1  1  1  1  1  1    2    2    2    4    1    5    0.157403D-03
  1  1  1  1  1  1    2    2    2    4    1    6    0.134940D-03
  1  1  1  1  1  1    2    2    2    4    1    7    0.152144D-03
  1  1  1  1  1  1    2    2    2    4    1    8    0.159700D-03
  1  1  1  1  1  1    2    2    2    4    1    9    0.139049D-03
  1  1  1  1  1  1    2    2    2    4    2    1    0.155151D-03
  1  1  1  1  1  1    2    2    2    4    2    2    0.168000D-03
  1  1  1  1  1  1    2    2    2    4    2    3    0.175463D-03
  1  1  1  1  1  1    2    2    2    4    2    4    0.159876D-03
  1  1  1  1  1  1    2    2    2    4    2    5    0.170439D-03
  1  1  1  1  1  1    2    2    2    4    2    6    0.146115D-03
  1  1  1  1  1  1    2    2    2    4    2    7    0.164744D-03
  1  1  1  1  1  1    2    2    2    4    2    8    0.172926D-03
  1  1  1  1  1  1    2    2    2    4    2    9    0.150565D-03
  1  1  1  1  1  1    2    2    2    4    3    1    0.162043D-03
  1  1  1  1  1  1    2    2    2    4    3    2    0.175463D-03
  1  1  1  1  1  1    2    2    2    4    3    3    0.183257D-03
  1  1  1  1  1  1    2    2    2    4    3    4    0.166978D-03
  1  1  1  1  1  1    2    2    2    4    3    5    0.178010D-03
  1  1  1  1  1  1    2    2    2    4    3    6    0.152606D-03
  1  1  1  1  1  1    2    2    2    4    3    7    0.172063D-03
  1  1  1  1  1  1    2    2    2    4    3    8    0.180608D-03
  1  1  1  1  1  1    2    2    2    4    3    9    0.157254D-03
  1  1  1  1  1  1    2    2    2    4    4    1    0.147648D-03
  1  1  1  1  1  1    2    2    2    4    4    2    0.159876D-03
  1  1  1  1  1  1    2    2    2    4    4    3    0.166978D-03
  1  1  1  1  1  1    2    2    2    4    4    4    0.152144D-03
  1  1  1  1  1  1    2    2    2    4    4    5    0.162197D-03
  1  1  1  1  1  1    2    2    2    4    4    6    0.139049D-03
  1  1  1  1  1  1    2    2    2    4    4    7    0.156778D-03
  1  1  1  1  1  1    2    2    2    4    4    8    0.164564D-03
  1  1  1  1  1  1    2    2    2    4    4    9    0.143284D-03
  1  1  1  1  1  1    2    2    2    4    5    1    0.157403D-03
  1  1  1  1  1  1    2    2    2    4    5    2    0.170439D-03
  1  1  1  1  1  1    2    2    2    4    5    3    0.178010D-03
  1  1  1  1  1  1    2    2    2    4    5    4    0.162197D-03
  1  1  1  1  1  1    2    2    2    4    5    5    0.172913D-03
  1  1  1  1  1  1    2    2    2    4    5    6    0.148236D-03
  1  1  1  1  1  1    2    2    2    4    5    7    0.167136D-03
  1  1  1  1  1  1    2    2    2    4    5    8    0.175436D-03
  1  1  1  1  1  1    2    2    2    4    5    9    0.152751D-03
  1  1  1  1  1  1    2    2    2    4    6    1    0.134940D-03
  1  1  1  1  1  1    2    2    2    4    6    2    0.146115D-03
  1  1  1  1  1  1    2    2    2    4    6    3    0.152606D-03
  1  1  1  1  1  1    2    2    2    4    6    4    0.139049D-03
  1  1  1  1  1  1    2    2    2    4    6    5    0.148236D-03
  1  1  1  1  1  1    2    2    2    4    6    6    0.127081D-03
  1  1  1  1  1  1    2    2    2    4    6    7    0.143284D-03
  1  1  1  1  1  1    2    2    2    4    6    8    0.150400D-03
  1  1  1  1  1  1    2    2    2    4    6    9    0.130952D-03
  1  1  1  1  1  1    2    2    2    4    7    1    0.152144D-03
  1  1  1  1  1  1    2    2    2    4    7    2    0.164744D-03
  1  1  1  1  1  1    2    2    2    4    7    3    0.172063D-03
  1  1  1  1  1  1    2    2    2    4    7    4    0.156778D-03
  1  1  1  1  1  1    2    2    2    4    7    5    0.167136D-03
  1  1  1  1  1  1    2    2    2    4    7    6    0.143284D-03
  1  1  1  1  1  1    2    2    2    4    7    7    0.161552D-03
  1  1  1  1  1  1    2    2    2    4    7    8    0.169575D-03
  1  1  1  1  1  1    2    2    2    4    7    9    0.147648D-03
  1  1  1  1  1  1    2    2    2    4    8    1    0.159700D-03
  1  1  1  1  1  1    2    2    2    4    8    2    0.172926D-03
  1  1  1  1  1  1    2    2    2    4    8    3    0.180608D-03
  1  1  1  1  1  1    2    2    2    4    8    4    0.164564D-03
  1  1  1  1  1  1    2    2    2    4    8    5    0.175436D-03
  1  1  1  1  1  1    2    2    2    4    8    6    0.150400D-03
  1  1  1  1  1  1    2    2    2    4    8    7    0.169575D-03
  1  1  1  1  1  1    2    2    2    4    8    8    0.177997D-03
  1  1  1  1  1  1    2    2    2    4    8    9    0.154980D-03
  1  1  1  1  1  1    2    2    2    4    9    1    0.139049D-03
  1  1  1  1  1  1    2    2    2    4    9    2    0.150565D-03
  1  1  1  1  1  1    2    2    2    4    9    3    0.157254D-03
  1  1  1  1  1  1    2    2    2    4    9    4    0.143284D-03
  1  1  1  1  1  1    2    2    2    4    9    5    0.152751D-03
  1  1  1  1  1  1    2    2    2    4    9    6    0.130952D-03
  1  1  1  1  1  1    2    2    2    4    9    7    0.147648D-03
  1  1  1  1  1  1    2    2    2    4    9    8    0.154980D-03
  1  1  1  1  1  1    2    2    2    4    9    9    0.134940D-03
  1  1  1  1  1  1    2    2    2    5    1    1    0.152751D-03
  1  1  1  1  1  1    2    2    2    5    1    2    0.165402D-03
  1  1  1  1  1  1    2    2    2    5    1    3    0.172749D-03
  1  1  1  1  1  1    2    2    2    5    1    4    0.157403D-03
  1  1  1  1  1  1    2    2    2    5    1    5    0.167803D-03
  1  1  1  1  1  1    2    2    2    5    1    6    0.143855D-03
  1  1  1  1  1  1    2    2    2    5    1    7    0.162197D-03
  1  1  1  1  1  1    2    2    2    5    1    8    0.170252D-03
  1  1  1  1  1  1    2    2    2    5    1    9    0.148236D-03
  1  1  1  1  1  1    2    2    2    5    2    1    0.165402D-03
  1  1  1  1  1  1    2    2    2    5    2    2    0.179100D-03
  1  1  1  1  1  1    2    2    2    5    2    3    0.187056D-03
  1  1  1  1  1  1    2    2    2    5    2    4    0.170439D-03
  1  1  1  1  1  1    2    2    2    5    2    5    0.181700D-03
  1  1  1  1  1  1    2    2    2    5    2    6    0.155769D-03
  1  1  1  1  1  1    2    2    2    5    2    7    0.175629D-03
  1  1  1  1  1  1    2    2    2    5    2    8    0.184351D-03
  1  1  1  1  1  1    2    2    2    5    2    9    0.160513D-03
  1  1  1  1  1  1    2    2    2    5    3    1    0.172749D-03
  1  1  1  1  1  1    2    2    2    5    3    2    0.187056D-03
  1  1  1  1  1  1    2    2    2    5    3    3    0.195365D-03
  1  1  1  1  1  1    2    2    2    5    3    4    0.178010D-03
  1  1  1  1  1  1    2    2    2    5    3    5    0.189771D-03
  1  1  1  1  1  1    2    2    2    5    3    6    0.162689D-03
  1  1  1  1  1  1    2    2    2    5    3    7    0.183431D-03
  1  1  1  1  1  1    2    2    2    5    3    8    0.192541D-03
  1  1  1  1  1  1    2    2    2    5    3    9    0.167643D-03
  1  1  1  1  1  1    2    2    2    5    4    1    0.157403D-03
  1  1  1  1  1  1    2    2    2    5    4    2    0.170439D-03
  1  1  1  1  1  1    2    2    2    5    4    3    0.178010D-03
  1  1  1  1  1  1    2    2    2    5    4    4    0.162197D-03
  1  1  1  1  1  1    2    2    2    5    4    5    0.172913D-03
  1  1  1  1  1  1    2    2    2    5    4    6    0.148236D-03
  1  1  1  1  1  1    2    2    2    5    4    7    0.167136D-03
  1  1  1  1  1  1    2    2    2    5    4    8    0.175436D-03
  1  1  1  1  1  1    2    2    2    5    4    9    0.152751D-03
  1  1  1  1  1  1    2    2    2    5    5    1    0.167803D-03
  1  1  1  1  1  1    2    2    2    5    5    2    0.181700D-03
  1  1  1  1  1  1    2    2    2    5    5    3    0.189771D-03
  1  1  1  1  1  1    2    2    2    5    5    4    0.172913D-03
  1  1  1  1  1  1    2    2    2    5    5    5    0.184338D-03
  1  1  1  1  1  1    2    2    2    5    5    6    0.158031D-03
  1  1  1  1  1  1    2    2    2    5    5    7    0.178179D-03
  1  1  1  1  1  1    2    2    2    5    5    8    0.187028D-03
  1  1  1  1  1  1    2    2    2    5    5    9    0.162843D-03
  1  1  1  1  1  1    2    2    2    5    6    1    0.143855D-03
  1  1  1  1  1  1    2    2    2    5    6    2    0.155769D-03
  1  1  1  1  1  1    2    2    2    5    6    3    0.162689D-03
  1  1  1  1  1  1    2    2    2    5    6    4    0.148236D-03
  1  1  1  1  1  1    2    2    2    5    6    5    0.158031D-03
  1  1  1  1  1  1    2    2    2    5    6    6    0.135478D-03
  1  1  1  1  1  1    2    2    2    5    6    7    0.152751D-03
  1  1  1  1  1  1    2    2    2    5    6    8    0.160337D-03
  1  1  1  1  1  1    2    2    2    5    6    9    0.139604D-03
  1  1  1  1  1  1    2    2    2    5    7    1    0.162197D-03
  1  1  1  1  1  1    2    2    2    5    7    2    0.175629D-03
  1  1  1  1  1  1    2    2    2    5    7    3    0.183431D-03
  1  1  1  1  1  1    2    2    2    5    7    4    0.167136D-03
  1  1  1  1  1  1    2    2    2    5    7    5    0.178179D-03
  1  1  1  1  1  1    2    2    2    5    7    6    0.152751D-03
  1  1  1  1  1  1    2    2    2    5    7    7    0.172226D-03
  1  1  1  1  1  1    2    2    2    5    7    8    0.180779D-03
  1  1  1  1  1  1    2    2    2    5    7    9    0.157403D-03
  1  1  1  1  1  1    2    2    2    5    8    1    0.170252D-03
  1  1  1  1  1  1    2    2    2    5    8    2    0.184351D-03
  1  1  1  1  1  1    2    2    2    5    8    3    0.192541D-03
  1  1  1  1  1  1    2    2    2    5    8    4    0.175436D-03
  1  1  1  1  1  1    2    2    2    5    8    5    0.187028D-03
  1  1  1  1  1  1    2    2    2    5    8    6    0.160337D-03
  1  1  1  1  1  1    2    2    2    5    8    7    0.180779D-03
  1  1  1  1  1  1    2    2    2    5    8    8    0.189757D-03
  1  1  1  1  1  1    2    2    2    5    8    9    0.165220D-03
  1  1  1  1  1  1    2    2    2    5    9    1    0.148236D-03
  1  1  1  1  1  1    2    2    2    5    9    2    0.160513D-03
  1  1  1  1  1  1    2    2    2    5    9    3    0.167643D-03
  1  1  1  1  1  1    2    2    2    5    9    4    0.152751D-03
  1  1  1  1  1  1    2    2    2    5    9    5    0.162843D-03
  1  1  1  1  1  1    2    2    2    5    9    6    0.139604D-03
  1  1  1  1  1  1    2    2    2    5    9    7    0.157403D-03
  1  1  1  1  1  1    2    2    2    5    9    8    0.165220D-03
  1  1  1  1  1  1    2    2    2    5    9    9    0.143855D-03
  1  1  1  1  1  1    2    2    2    6    1    1    0.130952D-03
  1  1  1  1  1  1    2    2    2    6    1    2    0.141797D-03
  1  1  1  1  1  1    2    2    2    6    1    3    0.148096D-03
  1  1  1  1  1  1    2    2    2    6    1    4    0.134940D-03
  1  1  1  1  1  1    2    2    2    6    1    5    0.143855D-03
  1  1  1  1  1  1    2    2    2    6    1    6    0.123326D-03
  1  1  1  1  1  1    2    2    2    6    1    7    0.139049D-03
  1  1  1  1  1  1    2    2    2    6    1    8    0.145955D-03
  1  1  1  1  1  1    2    2    2    6    1    9    0.127081D-03
  1  1  1  1  1  1    2    2    2    6    2    1    0.141797D-03
  1  1  1  1  1  1    2    2    2    6    2    2    0.153540D-03
  1  1  1  1  1  1    2    2    2    6    2    3    0.160361D-03
  1  1  1  1  1  1    2    2    2    6    2    4    0.146115D-03
  1  1  1  1  1  1    2    2    2    6    2    5    0.155769D-03
  1  1  1  1  1  1    2    2    2    6    2    6    0.133539D-03
  1  1  1  1  1  1    2    2    2    6    2    7    0.150565D-03
  1  1  1  1  1  1    2    2    2    6    2    8    0.158042D-03
  1  1  1  1  1  1    2    2    2    6    2    9    0.137606D-03
  1  1  1  1  1  1    2    2    2    6    3    1    0.148096D-03
  1  1  1  1  1  1    2    2    2    6    3    2    0.160361D-03
  1  1  1  1  1  1    2    2    2    6    3    3    0.167484D-03
  1  1  1  1  1  1    2    2    2    6    3    4    0.152606D-03
  1  1  1  1  1  1    2    2    2    6    3    5    0.162689D-03
  1  1  1  1  1  1    2    2    2    6    3    6    0.139471D-03
  1  1  1  1  1  1    2    2    2    6    3    7    0.157254D-03
  1  1  1  1  1  1    2    2    2    6    3    8    0.165063D-03
  1  1  1  1  1  1    2    2    2    6    3    9    0.143719D-03
  1  1  1  1  1  1    2    2    2    6    4    1    0.134940D-03
  1  1  1  1  1  1    2    2    2    6    4    2    0.146115D-03
  1  1  1  1  1  1    2    2    2    6    4    3    0.152606D-03
  1  1  1  1  1  1    2    2    2    6    4    4    0.139049D-03
  1  1  1  1  1  1    2    2    2    6    4    5    0.148236D-03
  1  1  1  1  1  1    2    2    2    6    4    6    0.127081D-03
  1  1  1  1  1  1    2    2    2    6    4    7    0.143284D-03
  1  1  1  1  1  1    2    2    2    6    4    8    0.150400D-03
  1  1  1  1  1  1    2    2    2    6    4    9    0.130952D-03
  1  1  1  1  1  1    2    2    2    6    5    1    0.143855D-03
  1  1  1  1  1  1    2    2    2    6    5    2    0.155769D-03
  1  1  1  1  1  1    2    2    2    6    5    3    0.162689D-03
  1  1  1  1  1  1    2    2    2    6    5    4    0.148236D-03
  1  1  1  1  1  1    2    2    2    6    5    5    0.158031D-03
  1  1  1  1  1  1    2    2    2    6    5    6    0.135478D-03
  1  1  1  1  1  1    2    2    2    6    5    7    0.152751D-03
  1  1  1  1  1  1    2    2    2    6    5    8    0.160337D-03
  1  1  1  1  1  1    2    2    2    6    5    9    0.139604D-03
  1  1  1  1  1  1    2    2    2    6    6    1    0.123326D-03
  1  1  1  1  1  1    2    2    2    6    6    2    0.133539D-03
  1  1  1  1  1  1    2    2    2    6    6    3    0.139471D-03
  1  1  1  1  1  1    2    2    2    6    6    4    0.127081D-03
  1  1  1  1  1  1    2    2    2    6    6    5    0.135478D-03
  1  1  1  1  1  1    2    2    2    6    6    6    0.116144D-03
  1  1  1  1  1  1    2    2    2    6    6    7    0.130952D-03
  1  1  1  1  1  1    2    2    2    6    6    8    0.137455D-03
  1  1  1  1  1  1    2    2    2    6    6    9    0.119681D-03
  1  1  1  1  1  1    2    2    2    6    7    1    0.139049D-03
  1  1  1  1  1  1    2    2    2    6    7    2    0.150565D-03
  1  1  1  1  1  1    2    2    2    6    7    3    0.157254D-03
  1  1  1  1  1  1    2    2    2    6    7    4    0.143284D-03
  1  1  1  1  1  1    2    2    2    6    7    5    0.152751D-03
  1  1  1  1  1  1    2    2    2    6    7    6    0.130952D-03
  1  1  1  1  1  1    2    2    2    6    7    7    0.147648D-03
  1  1  1  1  1  1    2    2    2    6    7    8    0.154980D-03
  1  1  1  1  1  1    2    2    2    6    7    9    0.134940D-03
  1  1  1  1  1  1    2    2    2    6    8    1    0.145955D-03
  1  1  1  1  1  1    2    2    2    6    8    2    0.158042D-03
  1  1  1  1  1  1    2    2    2    6    8    3    0.165063D-03
  1  1  1  1  1  1    2    2    2    6    8    4    0.150400D-03
  1  1  1  1  1  1    2    2    2    6    8    5    0.160337D-03
  1  1  1  1  1  1    2    2    2    6    8    6    0.137455D-03
  1  1  1  1  1  1    2    2    2    6    8    7    0.154980D-03
  1  1  1  1  1  1    2    2    2    6    8    8    0.162677D-03
  1  1  1  1  1  1    2    2    2    6    8    9    0.141641D-03
  1  1  1  1  1  1    2    2    2    6    9    1    0.127081D-03
  1  1  1  1  1  1    2    2    2    6    9    2    0.137606D-03
  1  1  1  1  1  1    2    2    2    6    9    3    0.143719D-03
  1  1  1  1  1  1    2    2    2    6    9    4    0.130952D-03
  1  1  1  1  1  1    2    2    2    6    9    5    0.139604D-03
  1  1  1  1  1  1    2    2    2    6    9    6    0.119681D-03
  1  1  1  1  1  1    2    2    2    6    9    7    0.134940D-03
  1  1  1  1  1  1    2    2    2    6    9    8    0.141641D-03
  1  1  1  1  1  1    2    2    2    6    9    9    0.123326D-03
  1  1  1  1  1  1    2    2    2    7    1    1    0.147648D-03
  1  1  1  1  1  1    2    2    2    7    1    2    0.159876D-03
  1  1  1  1  1  1    2    2    2    7    1    3    0.166978D-03
  1  1  1  1  1  1    2    2    2    7    1    4    0.152144D-03
  1  1  1  1  1  1    2    2    2    7    1    5    0.162197D-03
  1  1  1  1  1  1    2    2    2    7    1    6    0.139049D-03
  1  1  1  1  1  1    2    2    2    7    1    7    0.156778D-03
  1  1  1  1  1  1    2    2    2    7    1    8    0.164564D-03
  1  1  1  1  1  1    2    2    2    7    1    9    0.143284D-03
  1  1  1  1  1  1    2    2    2    7    2    1    0.159876D-03
  1  1  1  1  1  1    2    2    2    7    2    2    0.173116D-03
  1  1  1  1  1  1    2    2    2    7    2    3    0.180806D-03
  1  1  1  1  1  1    2    2    2    7    2    4    0.164744D-03
  1  1  1  1  1  1    2    2    2    7    2    5    0.175629D-03
  1  1  1  1  1  1    2    2    2    7    2    6    0.150565D-03
  1  1  1  1  1  1    2    2    2    7    2    7    0.169762D-03
  1  1  1  1  1  1    2    2    2    7    2    8    0.178192D-03
  1  1  1  1  1  1    2    2    2    7    2    9    0.155151D-03
  1  1  1  1  1  1    2    2    2    7    3    1    0.166978D-03
  1  1  1  1  1  1    2    2    2    7    3    2    0.180806D-03
  1  1  1  1  1  1    2    2    2    7    3    3    0.188838D-03
  1  1  1  1  1  1    2    2    2    7    3    4    0.172063D-03
  1  1  1  1  1  1    2    2    2    7    3    5    0.183431D-03
  1  1  1  1  1  1    2    2    2    7    3    6    0.157254D-03
  1  1  1  1  1  1    2    2    2    7    3    7    0.177303D-03
  1  1  1  1  1  1    2    2    2    7    3    8    0.186108D-03
  1  1  1  1  1  1    2    2    2    7    3    9    0.162043D-03
  1  1  1  1  1  1    2    2    2    7    4    1    0.152144D-03
  1  1  1  1  1  1    2    2    2    7    4    2    0.164744D-03
  1  1  1  1  1  1    2    2    2    7    4    3    0.172063D-03
  1  1  1  1  1  1    2    2    2    7    4    4    0.156778D-03
  1  1  1  1  1  1    2    2    2    7    4    5    0.167136D-03
  1  1  1  1  1  1    2    2    2    7    4    6    0.143284D-03
  1  1  1  1  1  1    2    2    2    7    4    7    0.161552D-03
  1  1  1  1  1  1    2    2    2    7    4    8    0.169575D-03
  1  1  1  1  1  1    2    2    2    7    4    9    0.147648D-03
  1  1  1  1  1  1    2    2    2    7    5    1    0.162197D-03
  1  1  1  1  1  1    2    2    2    7    5    2    0.175629D-03
  1  1  1  1  1  1    2    2    2    7    5    3    0.183431D-03
  1  1  1  1  1  1    2    2    2    7    5    4    0.167136D-03
  1  1  1  1  1  1    2    2    2    7    5    5    0.178179D-03
  1  1  1  1  1  1    2    2    2    7    5    6    0.152751D-03
  1  1  1  1  1  1    2    2    2    7    5    7    0.172226D-03
  1  1  1  1  1  1    2    2    2    7    5    8    0.180779D-03
  1  1  1  1  1  1    2    2    2    7    5    9    0.157403D-03
  1  1  1  1  1  1    2    2    2    7    6    1    0.139049D-03
  1  1  1  1  1  1    2    2    2    7    6    2    0.150565D-03
  1  1  1  1  1  1    2    2    2    7    6    3    0.157254D-03
  1  1  1  1  1  1    2    2    2    7    6    4    0.143284D-03
  1  1  1  1  1  1    2    2    2    7    6    5    0.152751D-03
  1  1  1  1  1  1    2    2    2    7    6    6    0.130952D-03
  1  1  1  1  1  1    2    2    2    7    6    7    0.147648D-03
  1  1  1  1  1  1    2    2    2    7    6    8    0.154980D-03
  1  1  1  1  1  1    2    2    2    7    6    9    0.134940D-03
  1  1  1  1  1  1    2    2    2    7    7    1    0.156778D-03
  1  1  1  1  1  1    2    2    2    7    7    2    0.169762D-03
  1  1  1  1  1  1    2    2    2    7    7    3    0.177303D-03
  1  1  1  1  1  1    2    2    2    7    7    4    0.161552D-03
  1  1  1  1  1  1    2    2    2    7    7    5    0.172226D-03
  1  1  1  1  1  1    2    2    2    7    7    6    0.147648D-03
  1  1  1  1  1  1    2    2    2    7    7    7    0.166472D-03
  1  1  1  1  1  1    2    2    2    7    7    8    0.174740D-03
  1  1  1  1  1  1    2    2    2    7    7    9    0.152144D-03
  1  1  1  1  1  1    2    2    2    7    8    1    0.164564D-03
  1  1  1  1  1  1    2    2    2    7    8    2    0.178192D-03
  1  1  1  1  1  1    2    2    2    7    8    3    0.186108D-03
  1  1  1  1  1  1    2    2    2    7    8    4    0.169575D-03
  1  1  1  1  1  1    2    2    2    7    8    5    0.180779D-03
  1  1  1  1  1  1    2    2    2    7    8    6    0.154980D-03
  1  1  1  1  1  1    2    2    2    7    8    7    0.174740D-03
  1  1  1  1  1  1    2    2    2    7    8    8    0.183417D-03
  1  1  1  1  1  1    2    2    2    7    8    9    0.159700D-03
  1  1  1  1  1  1    2    2    2    7    9    1    0.143284D-03
  1  1  1  1  1  1    2    2    2    7    9    2    0.155151D-03
  1  1  1  1  1  1    2    2    2    7    9    3    0.162043D-03
  1  1  1  1  1  1    2    2    2    7    9    4    0.147648D-03
  1  1  1  1  1  1    2    2    2    7    9    5    0.157403D-03
  1  1  1  1  1  1    2    2    2    7    9    6    0.134940D-03
  1  1  1  1  1  1    2    2    2    7    9    7    0.152144D-03
  1  1  1  1  1  1    2    2    2    7    9    8    0.159700D-03
  1  1  1  1  1  1    2    2    2    7    9    9    0.139049D-03
  1  1  1  1  1  1    2    2    2    8    1    1    0.154980D-03
  1  1  1  1  1  1    2    2    2    8    1    2    0.167815D-03
  1  1  1  1  1  1    2    2    2    8    1    3    0.175270D-03
  1  1  1  1  1  1    2    2    2    8    1    4    0.159700D-03
  1  1  1  1  1  1    2    2    2    8    1    5    0.170252D-03
  1  1  1  1  1  1    2    2    2    8    1    6    0.145955D-03
  1  1  1  1  1  1    2    2    2    8    1    7    0.164564D-03
  1  1  1  1  1  1    2    2    2    8    1    8    0.172736D-03
  1  1  1  1  1  1    2    2    2    8    1    9    0.150400D-03
  1  1  1  1  1  1    2    2    2    8    2    1    0.167815D-03
  1  1  1  1  1  1    2    2    2    8    2    2    0.181713D-03
  1  1  1  1  1  1    2    2    2    8    2    3    0.189786D-03
  1  1  1  1  1  1    2    2    2    8    2    4    0.172926D-03
  1  1  1  1  1  1    2    2    2    8    2    5    0.184351D-03
  1  1  1  1  1  1    2    2    2    8    2    6    0.158042D-03
  1  1  1  1  1  1    2    2    2    8    2    7    0.178192D-03
  1  1  1  1  1  1    2    2    2    8    2    8    0.187042D-03
  1  1  1  1  1  1    2    2    2    8    2    9    0.162856D-03
  1  1  1  1  1  1    2    2    2    8    3    1    0.175270D-03
  1  1  1  1  1  1    2    2    2    8    3    2    0.189786D-03
  1  1  1  1  1  1    2    2    2    8    3    3    0.198216D-03
  1  1  1  1  1  1    2    2    2    8    3    4    0.180608D-03
  1  1  1  1  1  1    2    2    2    8    3    5    0.192541D-03
  1  1  1  1  1  1    2    2    2    8    3    6    0.165063D-03
  1  1  1  1  1  1    2    2    2    8    3    7    0.186108D-03
  1  1  1  1  1  1    2    2    2    8    3    8    0.195351D-03
  1  1  1  1  1  1    2    2    2    8    3    9    0.170090D-03
  1  1  1  1  1  1    2    2    2    8    4    1    0.159700D-03
  1  1  1  1  1  1    2    2    2    8    4    2    0.172926D-03
  1  1  1  1  1  1    2    2    2    8    4    3    0.180608D-03
  1  1  1  1  1  1    2    2    2    8    4    4    0.164564D-03
  1  1  1  1  1  1    2    2    2    8    4    5    0.175436D-03
  1  1  1  1  1  1    2    2    2    8    4    6    0.150400D-03
  1  1  1  1  1  1    2    2    2    8    4    7    0.169575D-03
  1  1  1  1  1  1    2    2    2    8    4    8    0.177997D-03
  1  1  1  1  1  1    2    2    2    8    4    9    0.154980D-03
  1  1  1  1  1  1    2    2    2    8    5    1    0.170252D-03
  1  1  1  1  1  1    2    2    2    8    5    2    0.184351D-03
  1  1  1  1  1  1    2    2    2    8    5    3    0.192541D-03
  1  1  1  1  1  1    2    2    2    8    5    4    0.175436D-03
  1  1  1  1  1  1    2    2    2    8    5    5    0.187028D-03
  1  1  1  1  1  1    2    2    2    8    5    6    0.160337D-03
  1  1  1  1  1  1    2    2    2    8    5    7    0.180779D-03
  1  1  1  1  1  1    2    2    2    8    5    8    0.189757D-03
  1  1  1  1  1  1    2    2    2    8    5    9    0.165220D-03
  1  1  1  1  1  1    2    2    2    8    6    1    0.145955D-03
  1  1  1  1  1  1    2    2    2    8    6    2    0.158042D-03
  1  1  1  1  1  1    2    2    2    8    6    3    0.165063D-03
  1  1  1  1  1  1    2    2    2    8    6    4    0.150400D-03
  1  1  1  1  1  1    2    2    2    8    6    5    0.160337D-03
  1  1  1  1  1  1    2    2    2    8    6    6    0.137455D-03
  1  1  1  1  1  1    2    2    2    8    6    7    0.154980D-03
  1  1  1  1  1  1    2    2    2    8    6    8    0.162677D-03
  1  1  1  1  1  1    2    2    2    8    6    9    0.141641D-03
  1  1  1  1  1  1    2    2    2    8    7    1    0.164564D-03
  1  1  1  1  1  1    2    2    2    8    7    2    0.178192D-03
  1  1  1  1  1  1    2    2    2    8    7    3    0.186108D-03
  1  1  1  1  1  1    2    2    2    8    7    4    0.169575D-03
  1  1  1  1  1  1    2    2    2    8    7    5    0.180779D-03
  1  1  1  1  1  1    2    2    2    8    7    6    0.154980D-03
  1  1  1  1  1  1    2    2    2    8    7    7    0.174740D-03
  1  1  1  1  1  1    2    2    2    8    7    8    0.183417D-03
  1  1  1  1  1  1    2    2    2    8    7    9    0.159700D-03
  1  1  1  1  1  1    2    2    2    8    8    1    0.172736D-03
  1  1  1  1  1  1    2    2    2    8    8    2    0.187042D-03
  1  1  1  1  1  1    2    2    2    8    8    3    0.195351D-03
  1  1  1  1  1  1    2    2    2    8    8    4    0.177997D-03
  1  1  1  1  1  1    2    2    2    8    8    5    0.189757D-03
  1  1  1  1  1  1    2    2    2    8    8    6    0.162677D-03
  1  1  1  1  1  1    2    2    2    8    8    7    0.183417D-03
  1  1  1  1  1  1    2    2    2    8    8    8    0.192526D-03
  1  1  1  1  1  1    2    2    2    8    8    9    0.167631D-03
  1  1  1  1  1  1    2    2    2    8    9    1    0.150400D-03
  1  1  1  1  1  1    2    2    2    8    9    2    0.162856D-03
  1  1  1  1  1  1    2    2    2    8    9    3    0.170090D-03
  1  1  1  1  1  1    2    2    2    8    9    4    0.154980D-03
  1  1  1  1  1  1    2    2    2    8    9    5    0.165220D-03
  1  1  1  1  1  1    2    2    2    8    9    6    0.141641D-03
  1  1  1  1  1  1    2    2    2    8    9    7    0.159700D-03
  1  1  1  1  1  1    2    2    2    8    9    8    0.167631D-03
  1  1  1  1  1  1    2    2    2    8    9    9    0.145955D-03
  1  1  1  1  1  1    2    2    2    9    1    1    0.134940D-03
  1  1  1  1  1  1    2    2    2    9    1    2    0.146115D-03
  1  1  1  1  1  1    2    2    2    9    1    3    0.152606D-03
  1  1  1  1  1  1    2    2    2    9    1    4    0.139049D-03
  1  1  1  1  1  1    2    2    2    9    1    5    0.148236D-03
  1  1  1  1  1  1    2    2    2    9    1    6    0.127081D-03
  1  1  1  1  1  1    2    2    2    9    1    7    0.143284D-03
  1  1  1  1  1  1    2    2    2    9    1    8    0.150400D-03
  1  1  1  1  1  1    2    2    2    9    1    9    0.130952D-03
  1  1  1  1  1  1    2    2    2    9    2    1    0.146115D-03
  1  1  1  1  1  1    2    2    2    9    2    2    0.158216D-03
  1  1  1  1  1  1    2    2    2    9    2    3    0.165245D-03
  1  1  1  1  1  1    2    2    2    9    2    4    0.150565D-03
  1  1  1  1  1  1    2    2    2    9    2    5    0.160513D-03
  1  1  1  1  1  1    2    2    2    9    2    6    0.137606D-03
  1  1  1  1  1  1    2    2    2    9    2    7    0.155151D-03
  1  1  1  1  1  1    2    2    2    9    2    8    0.162856D-03
  1  1  1  1  1  1    2    2    2    9    2    9    0.141797D-03
  1  1  1  1  1  1    2    2    2    9    3    1    0.152606D-03
  1  1  1  1  1  1    2    2    2    9    3    2    0.165245D-03
  1  1  1  1  1  1    2    2    2    9    3    3    0.172585D-03
  1  1  1  1  1  1    2    2    2    9    3    4    0.157254D-03
  1  1  1  1  1  1    2    2    2    9    3    5    0.167643D-03
  1  1  1  1  1  1    2    2    2    9    3    6    0.143719D-03
  1  1  1  1  1  1    2    2    2    9    3    7    0.162043D-03
  1  1  1  1  1  1    2    2    2    9    3    8    0.170090D-03
  1  1  1  1  1  1    2    2    2    9    3    9    0.148096D-03
  1  1  1  1  1  1    2    2    2    9    4    1    0.139049D-03
  1  1  1  1  1  1    2    2    2    9    4    2    0.150565D-03
  1  1  1  1  1  1    2    2    2    9    4    3    0.157254D-03
  1  1  1  1  1  1    2    2    2    9    4    4    0.143284D-03
  1  1  1  1  1  1    2    2    2    9    4    5    0.152751D-03
  1  1  1  1  1  1    2    2    2    9    4    6    0.130952D-03
  1  1  1  1  1  1    2    2    2    9    4    7    0.147648D-03
  1  1  1  1  1  1    2    2    2    9    4    8    0.154980D-03
  1  1  1  1  1  1    2    2    2    9    4    9    0.134940D-03
  1  1  1  1  1  1    2    2    2    9    5    1    0.148236D-03
  1  1  1  1  1  1    2    2    2    9    5    2    0.160513D-03
  1  1  1  1  1  1    2    2    2    9    5    3    0.167643D-03
  1  1  1  1  1  1    2    2    2    9    5    4    0.152751D-03
  1  1  1  1  1  1    2    2    2    9    5    5    0.162843D-03
  1  1  1  1  1  1    2    2    2    9    5    6    0.139604D-03
  1  1  1  1  1  1    2    2    2    9    5    7    0.157403D-03
  1  1  1  1  1  1    2    2    2    9    5    8    0.165220D-03
  1  1  1  1  1  1    2    2    2    9    5    9    0.143855D-03
  1  1  1  1  1  1    2    2    2    9    6    1    0.127081D-03
  1  1  1  1  1  1    2    2    2    9    6    2    0.137606D-03
  1  1  1  1  1  1    2    2    2    9    6    3    0.143719D-03
  1  1  1  1  1  1    2    2    2    9    6    4    0.130952D-03
  1  1  1  1  1  1    2    2    2    9    6    5    0.139604D-03
  1  1  1  1  1  1    2    2    2    9    6    6    0.119681D-03
  1  1  1  1  1  1    2    2    2    9    6    7    0.134940D-03
  1  1  1  1  1  1    2    2    2    9    6    8    0.141641D-03
  1  1  1  1  1  1    2    2    2    9    6    9    0.123326D-03
  1  1  1  1  1  1    2    2    2    9    7    1    0.143284D-03
  1  1  1  1  1  1    2    2    2    9    7    2    0.155151D-03
  1  1  1  1  1  1    2    2    2    9    7    3    0.162043D-03
  1  1  1  1  1  1    2    2    2    9    7    4    0.147648D-03
  1  1  1  1  1  1    2    2    2    9    7    5    0.157403D-03
  1  1  1  1  1  1    2    2    2    9    7    6    0.134940D-03
  1  1  1  1  1  1    2    2    2    9    7    7    0.152144D-03
  1  1  1  1  1  1    2    2    2    9    7    8    0.159700D-03
  1  1  1  1  1  1    2    2    2    9    7    9    0.139049D-03
  1  1  1  1  1  1    2    2    2    9    8    1    0.150400D-03
  1  1  1  1  1  1    2    2    2    9    8    2    0.162856D-03
  1  1  1  1  1  1    2    2    2    9    8    3    0.170090D-03
  1  1  1  1  1  1    2    2    2    9    8    4    0.154980D-03
  1  1  1  1  1  1    2    2    2    9    8    5    0.165220D-03
  1  1  1  1  1  1    2    2    2    9    8    6    0.141641D-03
  1  1  1  1  1  1    2    2    2    9    8    7    0.159700D-03
  1  1  1  1  1  1    2    2    2    9    8    8    0.167631D-03
  1  1  1  1  1  1    2    2    2    9    8    9    0.145955D-03
  1  1  1  1  1  1    2    2    2    9    9    1    0.130952D-03
  1  1  1  1  1  1    2    2    2    9    9    2    0.141797D-03
  1  1  1  1  1  1    2    2    2    9    9    3    0.148096D-03
  1  1  1  1  1  1    2    2    2    9    9    4    0.134940D-03
  1  1  1  1  1  1    2    2    2    9    9    5    0.143855D-03
  1  1  1  1  1  1    2    2    2    9    9    6    0.123326D-03
  1  1  1  1  1  1    2    2    2    9    9    7    0.139049D-03
  1  1  1  1  1  1    2    2    2    9    9    8    0.145955D-03
  1  1  1  1  1  1    2    2    2    9    9    9    0.127081D-03
  1  1  1  1  1  1    1    1    1    1    1    1    0.229599D-03
  1  1  1  1  1  1    1    1    1    1    1    2    0.218430D-03
  1  1  1  1  1  1    1    1    1    1    1    3    0.225083D-03
  1  1  1  1  1  1    1    1    1    1    2    1    0.218430D-03
  1  1  1  1  1  1    1    1    1    1    2    2    0.207805D-03
  1  1  1  1  1  1    1    1    1    1    2    3    0.214134D-03
  1  1  1  1  1  1    1    1    1    1    3    1    0.225083D-03
  1  1  1  1  1  1    1    1    1    1    3    2    0.214134D-03
  1  1  1  1  1  1    1    1    1    1    3    3    0.220655D-03
  1  1  1  1  1  1    1    1    1    2    1    1    0.218430D-03
  1  1  1  1  1  1    1    1    1    2    1    2    0.207805D-03
  1  1  1  1  1  1    1    1    1    2    1    3    0.214134D-03
  1  1  1  1  1  1    1    1    1    2    2    1    0.207805D-03
  1  1  1  1  1  1    1    1    1    2    2    2    0.197697D-03
  1  1  1  1  1  1    1    1    1    2    2    3    0.203717D-03
  1  1  1  1  1  1    1    1    1    2    3    1    0.214134D-03
  1  1  1  1  1  1    1    1    1    2    3    2    0.203717D-03
  1  1  1  1  1  1    1    1    1    2    3    3    0.209922D-03
  1  1  1  1  1  1    1    1    1    3    1    1    0.225083D-03
  1  1  1  1  1  1    1    1    1    3    1    2    0.214134D-03
  1  1  1  1  1  1    1    1    1    3    1    3    0.220655D-03
  1  1  1  1  1  1    1    1    1    3    2    1    0.214134D-03
  1  1  1  1  1  1    1    1    1    3    2    2    0.203717D-03
  1  1  1  1  1  1    1    1    1    3    2    3    0.209922D-03
  1  1  1  1  1  1    1    1    1    3    3    1    0.220655D-03
  1  1  1  1  1  1    1    1    1    3    3    2    0.209922D-03
  1  1  1  1  1  1    1    1    1    3    3    3    0.216315D-03
  1  1  1  1  1  1    0    0    0    1    1    1    0.236473D-03
