  1  1  1  2  2  3    2    2    2    1    1    1    0.132268D-03
  1  1  1  2  2  3    2    2    2    1    1    2    0.143970D-03
  1  1  1  2  2  3    2    2    2    1    1    3    0.150355D-03
  1  1  1  2  2  3    2    2    2    1    1    4    0.136296D-03
  1  1  1  2  2  3    2    2    2    1    1    5    0.146057D-03
  1  1  1  2  2  3    2    2    2    1    1    6    0.152568D-03
  1  1  1  2  2  3    2    2    2    1    1    7    0.140447D-03
  1  1  1  2  2  3    2    2    2    1    1    8    0.148185D-03
  1  1  1  2  2  3    2    2    2    1    1    9    0.128359D-03
  1  1  1  2  2  3    2    2    2    1    2    1    0.144724D-03
  1  1  1  2  2  3    2    2    2    1    2    2    0.157529D-03
  1  1  1  2  2  3    2    2    2    1    2    3    0.164514D-03
  1  1  1  2  2  3    2    2    2    1    2    4    0.149132D-03
  1  1  1  2  2  3    2    2    2    1    2    5    0.159812D-03
  1  1  1  2  2  3    2    2    2    1    2    6    0.166936D-03
  1  1  1  2  2  3    2    2    2    1    2    7    0.153673D-03
  1  1  1  2  2  3    2    2    2    1    2    8    0.162140D-03
  1  1  1  2  2  3    2    2    2    1    2    9    0.140447D-03
  1  1  1  2  2  3    2    2    2    1    3    1    0.151130D-03
  1  1  1  2  2  3    2    2    2    1    3    2    0.164502D-03
  1  1  1  2  2  3    2    2    2    1    3    3    0.171797D-03
  1  1  1  2  2  3    2    2    2    1    3    4    0.155733D-03
  1  1  1  2  2  3    2    2    2    1    3    5    0.166886D-03
  1  1  1  2  2  3    2    2    2    1    3    6    0.174325D-03
  1  1  1  2  2  3    2    2    2    1    3    7    0.160476D-03
  1  1  1  2  2  3    2    2    2    1    3    8    0.169317D-03
  1  1  1  2  2  3    2    2    2    1    3    9    0.146664D-03
  1  1  1  2  2  3    2    2    2    1    4    1    0.136296D-03
  1  1  1  2  2  3    2    2    2    1    4    2    0.148355D-03
  1  1  1  2  2  3    2    2    2    1    4    3    0.154934D-03
  1  1  1  2  2  3    2    2    2    1    4    4    0.140447D-03
  1  1  1  2  2  3    2    2    2    1    4    5    0.150505D-03
  1  1  1  2  2  3    2    2    2    1    4    6    0.157214D-03
  1  1  1  2  2  3    2    2    2    1    4    7    0.144724D-03
  1  1  1  2  2  3    2    2    2    1    4    8    0.152698D-03
  1  1  1  2  2  3    2    2    2    1    4    9    0.132268D-03
  1  1  1  2  2  3    2    2    2    1    5    1    0.146818D-03
  1  1  1  2  2  3    2    2    2    1    5    2    0.159808D-03
  1  1  1  2  2  3    2    2    2    1    5    3    0.166894D-03
  1  1  1  2  2  3    2    2    2    1    5    4    0.151289D-03
  1  1  1  2  2  3    2    2    2    1    5    5    0.162124D-03
  1  1  1  2  2  3    2    2    2    1    5    6    0.169351D-03
  1  1  1  2  2  3    2    2    2    1    5    7    0.155896D-03
  1  1  1  2  2  3    2    2    2    1    5    8    0.164485D-03
  1  1  1  2  2  3    2    2    2    1    5    9    0.142479D-03
  1  1  1  2  2  3    2    2    2    1    6    1    0.153351D-03
  1  1  1  2  2  3    2    2    2    1    6    2    0.166919D-03
  1  1  1  2  2  3    2    2    2    1    6    3    0.174321D-03
  1  1  1  2  2  3    2    2    2    1    6    4    0.158021D-03
  1  1  1  2  2  3    2    2    2    1    6    5    0.169338D-03
  1  1  1  2  2  3    2    2    2    1    6    6    0.176887D-03
  1  1  1  2  2  3    2    2    2    1    6    7    0.162834D-03
  1  1  1  2  2  3    2    2    2    1    6    8    0.171805D-03
  1  1  1  2  2  3    2    2    2    1    6    9    0.148819D-03
  1  1  1  2  2  3    2    2    2    1    7    1    0.140447D-03
  1  1  1  2  2  3    2    2    2    1    7    2    0.152873D-03
  1  1  1  2  2  3    2    2    2    1    7    3    0.159652D-03
  1  1  1  2  2  3    2    2    2    1    7    4    0.144724D-03
  1  1  1  2  2  3    2    2    2    1    7    5    0.155089D-03
  1  1  1  2  2  3    2    2    2    1    7    6    0.162002D-03
  1  1  1  2  2  3    2    2    2    1    7    7    0.149132D-03
  1  1  1  2  2  3    2    2    2    1    7    8    0.157348D-03
  1  1  1  2  2  3    2    2    2    1    7    9    0.136296D-03
  1  1  1  2  2  3    2    2    2    1    8    1    0.148953D-03
  1  1  1  2  2  3    2    2    2    1    8    2    0.162132D-03
  1  1  1  2  2  3    2    2    2    1    8    3    0.169321D-03
  1  1  1  2  2  3    2    2    2    1    8    4    0.153489D-03
  1  1  1  2  2  3    2    2    2    1    8    5    0.164481D-03
  1  1  1  2  2  3    2    2    2    1    8    6    0.171814D-03
  1  1  1  2  2  3    2    2    2    1    8    7    0.158164D-03
  1  1  1  2  2  3    2    2    2    1    8    8    0.166878D-03
  1  1  1  2  2  3    2    2    2    1    8    9    0.144551D-03
  1  1  1  2  2  3    2    2    2    1    9    1    0.128359D-03
  1  1  1  2  2  3    2    2    2    1    9    2    0.139715D-03
  1  1  1  2  2  3    2    2    2    1    9    3    0.145911D-03
  1  1  1  2  2  3    2    2    2    1    9    4    0.132268D-03
  1  1  1  2  2  3    2    2    2    1    9    5    0.141740D-03
  1  1  1  2  2  3    2    2    2    1    9    6    0.148059D-03
  1  1  1  2  2  3    2    2    2    1    9    7    0.136296D-03
  1  1  1  2  2  3    2    2    2    1    9    8    0.143805D-03
  1  1  1  2  2  3    2    2    2    1    9    9    0.124565D-03
  1  1  1  2  2  3    2    2    2    2    1    1    0.144724D-03
  1  1  1  2  2  3    2    2    2    2    1    2    0.157529D-03
  1  1  1  2  2  3    2    2    2    2    1    3    0.164514D-03
  1  1  1  2  2  3    2    2    2    2    1    4    0.149132D-03
  1  1  1  2  2  3    2    2    2    2    1    5    0.159812D-03
  1  1  1  2  2  3    2    2    2    2    1    6    0.166936D-03
  1  1  1  2  2  3    2    2    2    2    1    7    0.153673D-03
  1  1  1  2  2  3    2    2    2    2    1    8    0.162140D-03
  1  1  1  2  2  3    2    2    2    2    1    9    0.140447D-03
  1  1  1  2  2  3    2    2    2    2    2    1    0.158353D-03
  1  1  1  2  2  3    2    2    2    2    2    2    0.172364D-03
  1  1  1  2  2  3    2    2    2    2    2    3    0.180007D-03
  1  1  1  2  2  3    2    2    2    2    2    4    0.163176D-03
  1  1  1  2  2  3    2    2    2    2    2    5    0.174862D-03
  1  1  1  2  2  3    2    2    2    2    2    6    0.182657D-03
  1  1  1  2  2  3    2    2    2    2    2    7    0.168145D-03
  1  1  1  2  2  3    2    2    2    2    2    8    0.177409D-03
  1  1  1  2  2  3    2    2    2    2    2    9    0.153673D-03
  1  1  1  2  2  3    2    2    2    2    3    1    0.165363D-03
  1  1  1  2  2  3    2    2    2    2    3    2    0.179994D-03
  1  1  1  2  2  3    2    2    2    2    3    3    0.187975D-03
  1  1  1  2  2  3    2    2    2    2    3    4    0.170399D-03
  1  1  1  2  2  3    2    2    2    2    3    5    0.182602D-03
  1  1  1  2  2  3    2    2    2    2    3    6    0.190742D-03
  1  1  1  2  2  3    2    2    2    2    3    7    0.175588D-03
  1  1  1  2  2  3    2    2    2    2    3    8    0.185262D-03
  1  1  1  2  2  3    2    2    2    2    3    9    0.160476D-03
  1  1  1  2  2  3    2    2    2    2    4    1    0.149132D-03
  1  1  1  2  2  3    2    2    2    2    4    2    0.162326D-03
  1  1  1  2  2  3    2    2    2    2    4    3    0.169524D-03
  1  1  1  2  2  3    2    2    2    2    4    4    0.153673D-03
  1  1  1  2  2  3    2    2    2    2    4    5    0.164679D-03
  1  1  1  2  2  3    2    2    2    2    4    6    0.172020D-03
  1  1  1  2  2  3    2    2    2    2    4    7    0.158353D-03
  1  1  1  2  2  3    2    2    2    2    4    8    0.167078D-03
  1  1  1  2  2  3    2    2    2    2    4    9    0.144724D-03
  1  1  1  2  2  3    2    2    2    2    5    1    0.160644D-03
  1  1  1  2  2  3    2    2    2    2    5    2    0.174857D-03
  1  1  1  2  2  3    2    2    2    2    5    3    0.182611D-03
  1  1  1  2  2  3    2    2    2    2    5    4    0.165537D-03
  1  1  1  2  2  3    2    2    2    2    5    5    0.177392D-03
  1  1  1  2  2  3    2    2    2    2    5    6    0.185299D-03
  1  1  1  2  2  3    2    2    2    2    5    7    0.170578D-03
  1  1  1  2  2  3    2    2    2    2    5    8    0.179976D-03
  1  1  1  2  2  3    2    2    2    2    5    9    0.155896D-03
  1  1  1  2  2  3    2    2    2    2    6    1    0.167793D-03
  1  1  1  2  2  3    2    2    2    2    6    2    0.182639D-03
  1  1  1  2  2  3    2    2    2    2    6    3    0.190738D-03
  1  1  1  2  2  3    2    2    2    2    6    4    0.172903D-03
  1  1  1  2  2  3    2    2    2    2    6    5    0.185285D-03
  1  1  1  2  2  3    2    2    2    2    6    6    0.193545D-03
  1  1  1  2  2  3    2    2    2    2    6    7    0.178169D-03
  1  1  1  2  2  3    2    2    2    2    6    8    0.187985D-03
  1  1  1  2  2  3    2    2    2    2    6    9    0.162834D-03
  1  1  1  2  2  3    2    2    2    2    7    1    0.153673D-03
  1  1  1  2  2  3    2    2    2    2    7    2    0.167270D-03
  1  1  1  2  2  3    2    2    2    2    7    3    0.174687D-03
  1  1  1  2  2  3    2    2    2    2    7    4    0.158353D-03
  1  1  1  2  2  3    2    2    2    2    7    5    0.169694D-03
  1  1  1  2  2  3    2    2    2    2    7    6    0.177259D-03
  1  1  1  2  2  3    2    2    2    2    7    7    0.163176D-03
  1  1  1  2  2  3    2    2    2    2    7    8    0.172166D-03
  1  1  1  2  2  3    2    2    2    2    7    9    0.149132D-03
  1  1  1  2  2  3    2    2    2    2    8    1    0.162980D-03
  1  1  1  2  2  3    2    2    2    2    8    2    0.177400D-03
  1  1  1  2  2  3    2    2    2    2    8    3    0.185267D-03
  1  1  1  2  2  3    2    2    2    2    8    4    0.167944D-03
  1  1  1  2  2  3    2    2    2    2    8    5    0.179971D-03
  1  1  1  2  2  3    2    2    2    2    8    6    0.187994D-03
  1  1  1  2  2  3    2    2    2    2    8    7    0.173059D-03
  1  1  1  2  2  3    2    2    2    2    8    8    0.182593D-03
  1  1  1  2  2  3    2    2    2    2    8    9    0.158164D-03
  1  1  1  2  2  3    2    2    2    2    9    1    0.140447D-03
  1  1  1  2  2  3    2    2    2    2    9    2    0.152873D-03
  1  1  1  2  2  3    2    2    2    2    9    3    0.159652D-03
  1  1  1  2  2  3    2    2    2    2    9    4    0.144724D-03
  1  1  1  2  2  3    2    2    2    2    9    5    0.155089D-03
  1  1  1  2  2  3    2    2    2    2    9    6    0.162002D-03
  1  1  1  2  2  3    2    2    2    2    9    7    0.149132D-03
  1  1  1  2  2  3    2    2    2    2    9    8    0.157348D-03
  1  1  1  2  2  3    2    2    2    2    9    9    0.136296D-03
  1  1  1  2  2  3    2    2    2    3    1    1    0.151130D-03
  1  1  1  2  2  3    2    2    2    3    1    2    0.164502D-03
  1  1  1  2  2  3    2    2    2    3    1    3    0.171797D-03
  1  1  1  2  2  3    2    2    2    3    1    4    0.155733D-03
  1  1  1  2  2  3    2    2    2    3    1    5    0.166886D-03
  1  1  1  2  2  3    2    2    2    3    1    6    0.174325D-03
  1  1  1  2  2  3    2    2    2    3    1    7    0.160476D-03
  1  1  1  2  2  3    2    2    2    3    1    8    0.169317D-03
  1  1  1  2  2  3    2    2    2    3    1    9    0.146664D-03
  1  1  1  2  2  3    2    2    2    3    2    1    0.165363D-03
  1  1  1  2  2  3    2    2    2    3    2    2    0.179994D-03
  1  1  1  2  2  3    2    2    2    3    2    3    0.187975D-03
  1  1  1  2  2  3    2    2    2    3    2    4    0.170399D-03
  1  1  1  2  2  3    2    2    2    3    2    5    0.182602D-03
  1  1  1  2  2  3    2    2    2    3    2    6    0.190742D-03
  1  1  1  2  2  3    2    2    2    3    2    7    0.175588D-03
  1  1  1  2  2  3    2    2    2    3    2    8    0.185262D-03
  1  1  1  2  2  3    2    2    2    3    2    9    0.160476D-03
  1  1  1  2  2  3    2    2    2    3    3    1    0.172683D-03
  1  1  1  2  2  3    2    2    2    3    3    2    0.187961D-03
  1  1  1  2  2  3    2    2    2    3    3    3    0.196296D-03
  1  1  1  2  2  3    2    2    2    3    3    4    0.177942D-03
  1  1  1  2  2  3    2    2    2    3    3    5    0.190685D-03
  1  1  1  2  2  3    2    2    2    3    3    6    0.199186D-03
  1  1  1  2  2  3    2    2    2    3    3    7    0.183361D-03
  1  1  1  2  2  3    2    2    2    3    3    8    0.193463D-03
  1  1  1  2  2  3    2    2    2    3    3    9    0.167579D-03
  1  1  1  2  2  3    2    2    2    3    4    1    0.155733D-03
  1  1  1  2  2  3    2    2    2    3    4    2    0.169512D-03
  1  1  1  2  2  3    2    2    2    3    4    3    0.177028D-03
  1  1  1  2  2  3    2    2    2    3    4    4    0.160476D-03
  1  1  1  2  2  3    2    2    2    3    4    5    0.171968D-03
  1  1  1  2  2  3    2    2    2    3    4    6    0.179634D-03
  1  1  1  2  2  3    2    2    2    3    4    7    0.165363D-03
  1  1  1  2  2  3    2    2    2    3    4    8    0.174474D-03
  1  1  1  2  2  3    2    2    2    3    4    9    0.151130D-03
  1  1  1  2  2  3    2    2    2    3    5    1    0.167755D-03
  1  1  1  2  2  3    2    2    2    3    5    2    0.182598D-03
  1  1  1  2  2  3    2    2    2    3    5    3    0.190695D-03
  1  1  1  2  2  3    2    2    2    3    5    4    0.172864D-03
  1  1  1  2  2  3    2    2    2    3    5    5    0.185244D-03
  1  1  1  2  2  3    2    2    2    3    5    6    0.193502D-03
  1  1  1  2  2  3    2    2    2    3    5    7    0.178129D-03
  1  1  1  2  2  3    2    2    2    3    5    8    0.187943D-03
  1  1  1  2  2  3    2    2    2    3    5    9    0.162797D-03
  1  1  1  2  2  3    2    2    2    3    6    1    0.175220D-03
  1  1  1  2  2  3    2    2    2    3    6    2    0.190723D-03
  1  1  1  2  2  3    2    2    2    3    6    3    0.199181D-03
  1  1  1  2  2  3    2    2    2    3    6    4    0.180557D-03
  1  1  1  2  2  3    2    2    2    3    6    5    0.193487D-03
  1  1  1  2  2  3    2    2    2    3    6    6    0.202113D-03
  1  1  1  2  2  3    2    2    2    3    6    7    0.186055D-03
  1  1  1  2  2  3    2    2    2    3    6    8    0.196306D-03
  1  1  1  2  2  3    2    2    2    3    6    9    0.170042D-03
  1  1  1  2  2  3    2    2    2    3    7    1    0.160476D-03
  1  1  1  2  2  3    2    2    2    3    7    2    0.174674D-03
  1  1  1  2  2  3    2    2    2    3    7    3    0.182420D-03
  1  1  1  2  2  3    2    2    2    3    7    4    0.165363D-03
  1  1  1  2  2  3    2    2    2    3    7    5    0.177205D-03
  1  1  1  2  2  3    2    2    2    3    7    6    0.185105D-03
  1  1  1  2  2  3    2    2    2    3    7    7    0.170399D-03
  1  1  1  2  2  3    2    2    2    3    7    8    0.179787D-03
  1  1  1  2  2  3    2    2    2    3    7    9    0.155733D-03
  1  1  1  2  2  3    2    2    2    3    8    1    0.170195D-03
  1  1  1  2  2  3    2    2    2    3    8    2    0.185253D-03
  1  1  1  2  2  3    2    2    2    3    8    3    0.193468D-03
  1  1  1  2  2  3    2    2    2    3    8    4    0.175378D-03
  1  1  1  2  2  3    2    2    2    3    8    5    0.187938D-03
  1  1  1  2  2  3    2    2    2    3    8    6    0.196316D-03
  1  1  1  2  2  3    2    2    2    3    8    7    0.180719D-03
  1  1  1  2  2  3    2    2    2    3    8    8    0.190676D-03
  1  1  1  2  2  3    2    2    2    3    8    9    0.165165D-03
  1  1  1  2  2  3    2    2    2    3    9    1    0.146664D-03
  1  1  1  2  2  3    2    2    2    3    9    2    0.159640D-03
  1  1  1  2  2  3    2    2    2    3    9    3    0.166719D-03
  1  1  1  2  2  3    2    2    2    3    9    4    0.151130D-03
  1  1  1  2  2  3    2    2    2    3    9    5    0.161954D-03
  1  1  1  2  2  3    2    2    2    3    9    6    0.169173D-03
  1  1  1  2  2  3    2    2    2    3    9    7    0.155733D-03
  1  1  1  2  2  3    2    2    2    3    9    8    0.164313D-03
  1  1  1  2  2  3    2    2    2    3    9    9    0.142329D-03
  1  1  1  2  2  3    2    2    2    4    1    1    0.136296D-03
  1  1  1  2  2  3    2    2    2    4    1    2    0.148355D-03
  1  1  1  2  2  3    2    2    2    4    1    3    0.154934D-03
  1  1  1  2  2  3    2    2    2    4    1    4    0.140447D-03
  1  1  1  2  2  3    2    2    2    4    1    5    0.150505D-03
  1  1  1  2  2  3    2    2    2    4    1    6    0.157214D-03
  1  1  1  2  2  3    2    2    2    4    1    7    0.144724D-03
  1  1  1  2  2  3    2    2    2    4    1    8    0.152698D-03
  1  1  1  2  2  3    2    2    2    4    1    9    0.132268D-03
  1  1  1  2  2  3    2    2    2    4    2    1    0.149132D-03
  1  1  1  2  2  3    2    2    2    4    2    2    0.162326D-03
  1  1  1  2  2  3    2    2    2    4    2    3    0.169524D-03
  1  1  1  2  2  3    2    2    2    4    2    4    0.153673D-03
  1  1  1  2  2  3    2    2    2    4    2    5    0.164679D-03
  1  1  1  2  2  3    2    2    2    4    2    6    0.172020D-03
  1  1  1  2  2  3    2    2    2    4    2    7    0.158353D-03
  1  1  1  2  2  3    2    2    2    4    2    8    0.167078D-03
  1  1  1  2  2  3    2    2    2    4    2    9    0.144724D-03
  1  1  1  2  2  3    2    2    2    4    3    1    0.155733D-03
  1  1  1  2  2  3    2    2    2    4    3    2    0.169512D-03
  1  1  1  2  2  3    2    2    2    4    3    3    0.177028D-03
  1  1  1  2  2  3    2    2    2    4    3    4    0.160476D-03
  1  1  1  2  2  3    2    2    2    4    3    5    0.171968D-03
  1  1  1  2  2  3    2    2    2    4    3    6    0.179634D-03
  1  1  1  2  2  3    2    2    2    4    3    7    0.165363D-03
  1  1  1  2  2  3    2    2    2    4    3    8    0.174474D-03
  1  1  1  2  2  3    2    2    2    4    3    9    0.151130D-03
  1  1  1  2  2  3    2    2    2    4    4    1    0.140447D-03
  1  1  1  2  2  3    2    2    2    4    4    2    0.152873D-03
  1  1  1  2  2  3    2    2    2    4    4    3    0.159652D-03
  1  1  1  2  2  3    2    2    2    4    4    4    0.144724D-03
  1  1  1  2  2  3    2    2    2    4    4    5    0.155089D-03
  1  1  1  2  2  3    2    2    2    4    4    6    0.162002D-03
  1  1  1  2  2  3    2    2    2    4    4    7    0.149132D-03
  1  1  1  2  2  3    2    2    2    4    4    8    0.157348D-03
  1  1  1  2  2  3    2    2    2    4    4    9    0.136296D-03
  1  1  1  2  2  3    2    2    2    4    5    1    0.151289D-03
  1  1  1  2  2  3    2    2    2    4    5    2    0.164675D-03
  1  1  1  2  2  3    2    2    2    4    5    3    0.171977D-03
  1  1  1  2  2  3    2    2    2    4    5    4    0.155896D-03
  1  1  1  2  2  3    2    2    2    4    5    5    0.167061D-03
  1  1  1  2  2  3    2    2    2    4    5    6    0.174508D-03
  1  1  1  2  2  3    2    2    2    4    5    7    0.160644D-03
  1  1  1  2  2  3    2    2    2    4    5    8    0.169495D-03
  1  1  1  2  2  3    2    2    2    4    5    9    0.146818D-03
  1  1  1  2  2  3    2    2    2    4    6    1    0.158021D-03
  1  1  1  2  2  3    2    2    2    4    6    2    0.172003D-03
  1  1  1  2  2  3    2    2    2    4    6    3    0.179630D-03
  1  1  1  2  2  3    2    2    2    4    6    4    0.162834D-03
  1  1  1  2  2  3    2    2    2    4    6    5    0.174495D-03
  1  1  1  2  2  3    2    2    2    4    6    6    0.182274D-03
  1  1  1  2  2  3    2    2    2    4    6    7    0.167793D-03
  1  1  1  2  2  3    2    2    2    4    6    8    0.177037D-03
  1  1  1  2  2  3    2    2    2    4    6    9    0.153351D-03
  1  1  1  2  2  3    2    2    2    4    7    1    0.144724D-03
  1  1  1  2  2  3    2    2    2    4    7    2    0.157529D-03
  1  1  1  2  2  3    2    2    2    4    7    3    0.164514D-03
  1  1  1  2  2  3    2    2    2    4    7    4    0.149132D-03
  1  1  1  2  2  3    2    2    2    4    7    5    0.159812D-03
  1  1  1  2  2  3    2    2    2    4    7    6    0.166936D-03
  1  1  1  2  2  3    2    2    2    4    7    7    0.153673D-03
  1  1  1  2  2  3    2    2    2    4    7    8    0.162140D-03
  1  1  1  2  2  3    2    2    2    4    7    9    0.140447D-03
  1  1  1  2  2  3    2    2    2    4    8    1    0.153489D-03
  1  1  1  2  2  3    2    2    2    4    8    2    0.167069D-03
  1  1  1  2  2  3    2    2    2    4    8    3    0.174478D-03
  1  1  1  2  2  3    2    2    2    4    8    4    0.158164D-03
  1  1  1  2  2  3    2    2    2    4    8    5    0.169491D-03
  1  1  1  2  2  3    2    2    2    4    8    6    0.177046D-03
  1  1  1  2  2  3    2    2    2    4    8    7    0.162980D-03
  1  1  1  2  2  3    2    2    2    4    8    8    0.171960D-03
  1  1  1  2  2  3    2    2    2    4    8    9    0.148953D-03
  1  1  1  2  2  3    2    2    2    4    9    1    0.132268D-03
  1  1  1  2  2  3    2    2    2    4    9    2    0.143970D-03
  1  1  1  2  2  3    2    2    2    4    9    3    0.150355D-03
  1  1  1  2  2  3    2    2    2    4    9    4    0.136296D-03
  1  1  1  2  2  3    2    2    2    4    9    5    0.146057D-03
  1  1  1  2  2  3    2    2    2    4    9    6    0.152568D-03
  1  1  1  2  2  3    2    2    2    4    9    7    0.140447D-03
  1  1  1  2  2  3    2    2    2    4    9    8    0.148185D-03
  1  1  1  2  2  3    2    2    2    4    9    9    0.128359D-03
  1  1  1  2  2  3    2    2    2    5    1    1    0.146818D-03
  1  1  1  2  2  3    2    2    2    5    1    2    0.159808D-03
  1  1  1  2  2  3    2    2    2    5    1    3    0.166894D-03
  1  1  1  2  2  3    2    2    2    5    1    4    0.151289D-03
  1  1  1  2  2  3    2    2    2    5    1    5    0.162124D-03
  1  1  1  2  2  3    2    2    2    5    1    6    0.169351D-03
  1  1  1  2  2  3    2    2    2    5    1    7    0.155896D-03
  1  1  1  2  2  3    2    2    2    5    1    8    0.164485D-03
  1  1  1  2  2  3    2    2    2    5    1    9    0.142479D-03
  1  1  1  2  2  3    2    2    2    5    2    1    0.160644D-03
  1  1  1  2  2  3    2    2    2    5    2    2    0.174857D-03
  1  1  1  2  2  3    2    2    2    5    2    3    0.182611D-03
  1  1  1  2  2  3    2    2    2    5    2    4    0.165537D-03
  1  1  1  2  2  3    2    2    2    5    2    5    0.177392D-03
  1  1  1  2  2  3    2    2    2    5    2    6    0.185299D-03
  1  1  1  2  2  3    2    2    2    5    2    7    0.170578D-03
  1  1  1  2  2  3    2    2    2    5    2    8    0.179976D-03
  1  1  1  2  2  3    2    2    2    5    2    9    0.155896D-03
  1  1  1  2  2  3    2    2    2    5    3    1    0.167755D-03
  1  1  1  2  2  3    2    2    2    5    3    2    0.182598D-03
  1  1  1  2  2  3    2    2    2    5    3    3    0.190695D-03
  1  1  1  2  2  3    2    2    2    5    3    4    0.172864D-03
  1  1  1  2  2  3    2    2    2    5    3    5    0.185244D-03
  1  1  1  2  2  3    2    2    2    5    3    6    0.193502D-03
  1  1  1  2  2  3    2    2    2    5    3    7    0.178129D-03
  1  1  1  2  2  3    2    2    2    5    3    8    0.187943D-03
  1  1  1  2  2  3    2    2    2    5    3    9    0.162797D-03
  1  1  1  2  2  3    2    2    2    5    4    1    0.151289D-03
  1  1  1  2  2  3    2    2    2    5    4    2    0.164675D-03
  1  1  1  2  2  3    2    2    2    5    4    3    0.171977D-03
  1  1  1  2  2  3    2    2    2    5    4    4    0.155896D-03
  1  1  1  2  2  3    2    2    2    5    4    5    0.167061D-03
  1  1  1  2  2  3    2    2    2    5    4    6    0.174508D-03
  1  1  1  2  2  3    2    2    2    5    4    7    0.160644D-03
  1  1  1  2  2  3    2    2    2    5    4    8    0.169495D-03
  1  1  1  2  2  3    2    2    2    5    4    9    0.146818D-03
  1  1  1  2  2  3    2    2    2    5    5    1    0.162968D-03
  1  1  1  2  2  3    2    2    2    5    5    2    0.177387D-03
  1  1  1  2  2  3    2    2    2    5    5    3    0.185253D-03
  1  1  1  2  2  3    2    2    2    5    5    4    0.167931D-03
  1  1  1  2  2  3    2    2    2    5    5    5    0.179958D-03
  1  1  1  2  2  3    2    2    2    5    5    6    0.187980D-03
  1  1  1  2  2  3    2    2    2    5    5    7    0.173046D-03
  1  1  1  2  2  3    2    2    2    5    5    8    0.182579D-03
  1  1  1  2  2  3    2    2    2    5    5    9    0.158152D-03
  1  1  1  2  2  3    2    2    2    5    6    1    0.170220D-03
  1  1  1  2  2  3    2    2    2    5    6    2    0.185281D-03
  1  1  1  2  2  3    2    2    2    5    6    3    0.193497D-03
  1  1  1  2  2  3    2    2    2    5    6    4    0.175404D-03
  1  1  1  2  2  3    2    2    2    5    6    5    0.187966D-03
  1  1  1  2  2  3    2    2    2    5    6    6    0.196345D-03
  1  1  1  2  2  3    2    2    2    5    6    7    0.180746D-03
  1  1  1  2  2  3    2    2    2    5    6    8    0.190704D-03
  1  1  1  2  2  3    2    2    2    5    6    9    0.165190D-03
  1  1  1  2  2  3    2    2    2    5    7    1    0.155896D-03
  1  1  1  2  2  3    2    2    2    5    7    2    0.169690D-03
  1  1  1  2  2  3    2    2    2    5    7    3    0.177214D-03
  1  1  1  2  2  3    2    2    2    5    7    4    0.160644D-03
  1  1  1  2  2  3    2    2    2    5    7    5    0.172149D-03
  1  1  1  2  2  3    2    2    2    5    7    6    0.179823D-03
  1  1  1  2  2  3    2    2    2    5    7    7    0.165537D-03
  1  1  1  2  2  3    2    2    2    5    7    8    0.174657D-03
  1  1  1  2  2  3    2    2    2    5    7    9    0.151289D-03
  1  1  1  2  2  3    2    2    2    5    8    1    0.165338D-03
  1  1  1  2  2  3    2    2    2    5    8    2    0.179967D-03
  1  1  1  2  2  3    2    2    2    5    8    3    0.187947D-03
  1  1  1  2  2  3    2    2    2    5    8    4    0.170373D-03
  1  1  1  2  2  3    2    2    2    5    8    5    0.182575D-03
  1  1  1  2  2  3    2    2    2    5    8    6    0.190714D-03
  1  1  1  2  2  3    2    2    2    5    8    7    0.175562D-03
  1  1  1  2  2  3    2    2    2    5    8    8    0.185235D-03
  1  1  1  2  2  3    2    2    2    5    8    9    0.160452D-03
  1  1  1  2  2  3    2    2    2    5    9    1    0.142479D-03
  1  1  1  2  2  3    2    2    2    5    9    2    0.155085D-03
  1  1  1  2  2  3    2    2    2    5    9    3    0.161962D-03
  1  1  1  2  2  3    2    2    2    5    9    4    0.146818D-03
  1  1  1  2  2  3    2    2    2    5    9    5    0.157332D-03
  1  1  1  2  2  3    2    2    2    5    9    6    0.164346D-03
  1  1  1  2  2  3    2    2    2    5    9    7    0.151289D-03
  1  1  1  2  2  3    2    2    2    5    9    8    0.159624D-03
  1  1  1  2  2  3    2    2    2    5    9    9    0.138268D-03
  1  1  1  2  2  3    2    2    2    6    1    1    0.153351D-03
  1  1  1  2  2  3    2    2    2    6    1    2    0.166919D-03
  1  1  1  2  2  3    2    2    2    6    1    3    0.174321D-03
  1  1  1  2  2  3    2    2    2    6    1    4    0.158021D-03
  1  1  1  2  2  3    2    2    2    6    1    5    0.169338D-03
  1  1  1  2  2  3    2    2    2    6    1    6    0.176887D-03
  1  1  1  2  2  3    2    2    2    6    1    7    0.162834D-03
  1  1  1  2  2  3    2    2    2    6    1    8    0.171805D-03
  1  1  1  2  2  3    2    2    2    6    1    9    0.148819D-03
  1  1  1  2  2  3    2    2    2    6    2    1    0.167793D-03
  1  1  1  2  2  3    2    2    2    6    2    2    0.182639D-03
  1  1  1  2  2  3    2    2    2    6    2    3    0.190738D-03
  1  1  1  2  2  3    2    2    2    6    2    4    0.172903D-03
  1  1  1  2  2  3    2    2    2    6    2    5    0.185285D-03
  1  1  1  2  2  3    2    2    2    6    2    6    0.193545D-03
  1  1  1  2  2  3    2    2    2    6    2    7    0.178169D-03
  1  1  1  2  2  3    2    2    2    6    2    8    0.187985D-03
  1  1  1  2  2  3    2    2    2    6    2    9    0.162834D-03
  1  1  1  2  2  3    2    2    2    6    3    1    0.175220D-03
  1  1  1  2  2  3    2    2    2    6    3    2    0.190723D-03
  1  1  1  2  2  3    2    2    2    6    3    3    0.199181D-03
  1  1  1  2  2  3    2    2    2    6    3    4    0.180557D-03
  1  1  1  2  2  3    2    2    2    6    3    5    0.193487D-03
  1  1  1  2  2  3    2    2    2    6    3    6    0.202113D-03
  1  1  1  2  2  3    2    2    2    6    3    7    0.186055D-03
  1  1  1  2  2  3    2    2    2    6    3    8    0.196306D-03
  1  1  1  2  2  3    2    2    2    6    3    9    0.170042D-03
  1  1  1  2  2  3    2    2    2    6    4    1    0.158021D-03
  1  1  1  2  2  3    2    2    2    6    4    2    0.172003D-03
  1  1  1  2  2  3    2    2    2    6    4    3    0.179630D-03
  1  1  1  2  2  3    2    2    2    6    4    4    0.162834D-03
  1  1  1  2  2  3    2    2    2    6    4    5    0.174495D-03
  1  1  1  2  2  3    2    2    2    6    4    6    0.182274D-03
  1  1  1  2  2  3    2    2    2    6    4    7    0.167793D-03
  1  1  1  2  2  3    2    2    2    6    4    8    0.177037D-03
  1  1  1  2  2  3    2    2    2    6    4    9    0.153351D-03
  1  1  1  2  2  3    2    2    2    6    5    1    0.170220D-03
  1  1  1  2  2  3    2    2    2    6    5    2    0.185281D-03
  1  1  1  2  2  3    2    2    2    6    5    3    0.193497D-03
  1  1  1  2  2  3    2    2    2    6    5    4    0.175404D-03
  1  1  1  2  2  3    2    2    2    6    5    5    0.187966D-03
  1  1  1  2  2  3    2    2    2    6    5    6    0.196345D-03
  1  1  1  2  2  3    2    2    2    6    5    7    0.180746D-03
  1  1  1  2  2  3    2    2    2    6    5    8    0.190704D-03
  1  1  1  2  2  3    2    2    2    6    5    9    0.165190D-03
  1  1  1  2  2  3    2    2    2    6    6    1    0.177795D-03
  1  1  1  2  2  3    2    2    2    6    6    2    0.193526D-03
  1  1  1  2  2  3    2    2    2    6    6    3    0.202108D-03
  1  1  1  2  2  3    2    2    2    6    6    4    0.183210D-03
  1  1  1  2  2  3    2    2    2    6    6    5    0.196330D-03
  1  1  1  2  2  3    2    2    2    6    6    6    0.205083D-03
  1  1  1  2  2  3    2    2    2    6    6    7    0.188789D-03
  1  1  1  2  2  3    2    2    2    6    6    8    0.199191D-03
  1  1  1  2  2  3    2    2    2    6    6    9    0.172540D-03
  1  1  1  2  2  3    2    2    2    6    7    1    0.162834D-03
  1  1  1  2  2  3    2    2    2    6    7    2    0.177241D-03
  1  1  1  2  2  3    2    2    2    6    7    3    0.185100D-03
  1  1  1  2  2  3    2    2    2    6    7    4    0.167793D-03
  1  1  1  2  2  3    2    2    2    6    7    5    0.179809D-03
  1  1  1  2  2  3    2    2    2    6    7    6    0.187825D-03
  1  1  1  2  2  3    2    2    2    6    7    7    0.172903D-03
  1  1  1  2  2  3    2    2    2    6    7    8    0.182429D-03
  1  1  1  2  2  3    2    2    2    6    7    9    0.158021D-03
  1  1  1  2  2  3    2    2    2    6    8    1    0.172696D-03
  1  1  1  2  2  3    2    2    2    6    8    2    0.187975D-03
  1  1  1  2  2  3    2    2    2    6    8    3    0.196311D-03
  1  1  1  2  2  3    2    2    2    6    8    4    0.177955D-03
  1  1  1  2  2  3    2    2    2    6    8    5    0.190700D-03
  1  1  1  2  2  3    2    2    2    6    8    6    0.199201D-03
  1  1  1  2  2  3    2    2    2    6    8    7    0.183375D-03
  1  1  1  2  2  3    2    2    2    6    8    8    0.193478D-03
  1  1  1  2  2  3    2    2    2    6    8    9    0.167592D-03
  1  1  1  2  2  3    2    2    2    6    9    1    0.148819D-03
  1  1  1  2  2  3    2    2    2    6    9    2    0.161986D-03
  1  1  1  2  2  3    2    2    2    6    9    3    0.169169D-03
  1  1  1  2  2  3    2    2    2    6    9    4    0.153351D-03
  1  1  1  2  2  3    2    2    2    6    9    5    0.164333D-03
  1  1  1  2  2  3    2    2    2    6    9    6    0.171659D-03
  1  1  1  2  2  3    2    2    2    6    9    7    0.158021D-03
  1  1  1  2  2  3    2    2    2    6    9    8    0.166727D-03
  1  1  1  2  2  3    2    2    2    6    9    9    0.144421D-03
  1  1  1  2  2  3    2    2    2    7    1    1    0.140447D-03
  1  1  1  2  2  3    2    2    2    7    1    2    0.152873D-03
  1  1  1  2  2  3    2    2    2    7    1    3    0.159652D-03
  1  1  1  2  2  3    2    2    2    7    1    4    0.144724D-03
  1  1  1  2  2  3    2    2    2    7    1    5    0.155089D-03
  1  1  1  2  2  3    2    2    2    7    1    6    0.162002D-03
  1  1  1  2  2  3    2    2    2    7    1    7    0.149132D-03
  1  1  1  2  2  3    2    2    2    7    1    8    0.157348D-03
  1  1  1  2  2  3    2    2    2    7    1    9    0.136296D-03
  1  1  1  2  2  3    2    2    2    7    2    1    0.153673D-03
  1  1  1  2  2  3    2    2    2    7    2    2    0.167270D-03
  1  1  1  2  2  3    2    2    2    7    2    3    0.174687D-03
  1  1  1  2  2  3    2    2    2    7    2    4    0.158353D-03
  1  1  1  2  2  3    2    2    2    7    2    5    0.169694D-03
  1  1  1  2  2  3    2    2    2    7    2    6    0.177259D-03
  1  1  1  2  2  3    2    2    2    7    2    7    0.163176D-03
  1  1  1  2  2  3    2    2    2    7    2    8    0.172166D-03
  1  1  1  2  2  3    2    2    2    7    2    9    0.149132D-03
  1  1  1  2  2  3    2    2    2    7    3    1    0.160476D-03
  1  1  1  2  2  3    2    2    2    7    3    2    0.174674D-03
  1  1  1  2  2  3    2    2    2    7    3    3    0.182420D-03
  1  1  1  2  2  3    2    2    2    7    3    4    0.165363D-03
  1  1  1  2  2  3    2    2    2    7    3    5    0.177205D-03
  1  1  1  2  2  3    2    2    2    7    3    6    0.185105D-03
  1  1  1  2  2  3    2    2    2    7    3    7    0.170399D-03
  1  1  1  2  2  3    2    2    2    7    3    8    0.179787D-03
  1  1  1  2  2  3    2    2    2    7    3    9    0.155733D-03
  1  1  1  2  2  3    2    2    2    7    4    1    0.144724D-03
  1  1  1  2  2  3    2    2    2    7    4    2    0.157529D-03
  1  1  1  2  2  3    2    2    2    7    4    3    0.164514D-03
  1  1  1  2  2  3    2    2    2    7    4    4    0.149132D-03
  1  1  1  2  2  3    2    2    2    7    4    5    0.159812D-03
  1  1  1  2  2  3    2    2    2    7    4    6    0.166936D-03
  1  1  1  2  2  3    2    2    2    7    4    7    0.153673D-03
  1  1  1  2  2  3    2    2    2    7    4    8    0.162140D-03
  1  1  1  2  2  3    2    2    2    7    4    9    0.140447D-03
  1  1  1  2  2  3    2    2    2    7    5    1    0.155896D-03
  1  1  1  2  2  3    2    2    2    7    5    2    0.169690D-03
  1  1  1  2  2  3    2    2    2    7    5    3    0.177214D-03
  1  1  1  2  2  3    2    2    2    7    5    4    0.160644D-03
  1  1  1  2  2  3    2    2    2    7    5    5    0.172149D-03
  1  1  1  2  2  3    2    2    2    7    5    6    0.179823D-03
  1  1  1  2  2  3    2    2    2    7    5    7    0.165537D-03
  1  1  1  2  2  3    2    2    2    7    5    8    0.174657D-03
  1  1  1  2  2  3    2    2    2    7    5    9    0.151289D-03
  1  1  1  2  2  3    2    2    2    7    6    1    0.162834D-03
  1  1  1  2  2  3    2    2    2    7    6    2    0.177241D-03
  1  1  1  2  2  3    2    2    2    7    6    3    0.185100D-03
  1  1  1  2  2  3    2    2    2    7    6    4    0.167793D-03
  1  1  1  2  2  3    2    2    2    7    6    5    0.179809D-03
  1  1  1  2  2  3    2    2    2    7    6    6    0.187825D-03
  1  1  1  2  2  3    2    2    2    7    6    7    0.172903D-03
  1  1  1  2  2  3    2    2    2    7    6    8    0.182429D-03
  1  1  1  2  2  3    2    2    2    7    6    9    0.158021D-03
  1  1  1  2  2  3    2    2    2    7    7    1    0.149132D-03
  1  1  1  2  2  3    2    2    2    7    7    2    0.162326D-03
  1  1  1  2  2  3    2    2    2    7    7    3    0.169524D-03
  1  1  1  2  2  3    2    2    2    7    7    4    0.153673D-03
  1  1  1  2  2  3    2    2    2    7    7    5    0.164679D-03
  1  1  1  2  2  3    2    2    2    7    7    6    0.172020D-03
  1  1  1  2  2  3    2    2    2    7    7    7    0.158353D-03
  1  1  1  2  2  3    2    2    2    7    7    8    0.167078D-03
  1  1  1  2  2  3    2    2    2    7    7    9    0.144724D-03
  1  1  1  2  2  3    2    2    2    7    8    1    0.158164D-03
  1  1  1  2  2  3    2    2    2    7    8    2    0.172157D-03
  1  1  1  2  2  3    2    2    2    7    8    3    0.179792D-03
  1  1  1  2  2  3    2    2    2    7    8    4    0.162980D-03
  1  1  1  2  2  3    2    2    2    7    8    5    0.174652D-03
  1  1  1  2  2  3    2    2    2    7    8    6    0.182438D-03
  1  1  1  2  2  3    2    2    2    7    8    7    0.167944D-03
  1  1  1  2  2  3    2    2    2    7    8    8    0.177197D-03
  1  1  1  2  2  3    2    2    2    7    8    9    0.153489D-03
  1  1  1  2  2  3    2    2    2    7    9    1    0.136296D-03
  1  1  1  2  2  3    2    2    2    7    9    2    0.148355D-03
  1  1  1  2  2  3    2    2    2    7    9    3    0.154934D-03
  1  1  1  2  2  3    2    2    2    7    9    4    0.140447D-03
  1  1  1  2  2  3    2    2    2    7    9    5    0.150505D-03
  1  1  1  2  2  3    2    2    2    7    9    6    0.157214D-03
  1  1  1  2  2  3    2    2    2    7    9    7    0.144724D-03
  1  1  1  2  2  3    2    2    2    7    9    8    0.152698D-03
  1  1  1  2  2  3    2    2    2    7    9    9    0.132268D-03
  1  1  1  2  2  3    2    2    2    8    1    1    0.148953D-03
  1  1  1  2  2  3    2    2    2    8    1    2    0.162132D-03
  1  1  1  2  2  3    2    2    2    8    1    3    0.169321D-03
  1  1  1  2  2  3    2    2    2    8    1    4    0.153489D-03
  1  1  1  2  2  3    2    2    2    8    1    5    0.164481D-03
  1  1  1  2  2  3    2    2    2    8    1    6    0.171814D-03
  1  1  1  2  2  3    2    2    2    8    1    7    0.158164D-03
  1  1  1  2  2  3    2    2    2    8    1    8    0.166878D-03
  1  1  1  2  2  3    2    2    2    8    1    9    0.144551D-03
  1  1  1  2  2  3    2    2    2    8    2    1    0.162980D-03
  1  1  1  2  2  3    2    2    2    8    2    2    0.177400D-03
  1  1  1  2  2  3    2    2    2    8    2    3    0.185267D-03
  1  1  1  2  2  3    2    2    2    8    2    4    0.167944D-03
  1  1  1  2  2  3    2    2    2    8    2    5    0.179971D-03
  1  1  1  2  2  3    2    2    2    8    2    6    0.187994D-03
  1  1  1  2  2  3    2    2    2    8    2    7    0.173059D-03
  1  1  1  2  2  3    2    2    2    8    2    8    0.182593D-03
  1  1  1  2  2  3    2    2    2    8    2    9    0.158164D-03
  1  1  1  2  2  3    2    2    2    8    3    1    0.170195D-03
  1  1  1  2  2  3    2    2    2    8    3    2    0.185253D-03
  1  1  1  2  2  3    2    2    2    8    3    3    0.193468D-03
  1  1  1  2  2  3    2    2    2    8    3    4    0.175378D-03
  1  1  1  2  2  3    2    2    2    8    3    5    0.187938D-03
  1  1  1  2  2  3    2    2    2    8    3    6    0.196316D-03
  1  1  1  2  2  3    2    2    2    8    3    7    0.180719D-03
  1  1  1  2  2  3    2    2    2    8    3    8    0.190676D-03
  1  1  1  2  2  3    2    2    2    8    3    9    0.165165D-03
  1  1  1  2  2  3    2    2    2    8    4    1    0.153489D-03
  1  1  1  2  2  3    2    2    2    8    4    2    0.167069D-03
  1  1  1  2  2  3    2    2    2    8    4    3    0.174478D-03
  1  1  1  2  2  3    2    2    2    8    4    4    0.158164D-03
  1  1  1  2  2  3    2    2    2    8    4    5    0.169491D-03
  1  1  1  2  2  3    2    2    2    8    4    6    0.177046D-03
  1  1  1  2  2  3    2    2    2    8    4    7    0.162980D-03
  1  1  1  2  2  3    2    2    2    8    4    8    0.171960D-03
  1  1  1  2  2  3    2    2    2    8    4    9    0.148953D-03
  1  1  1  2  2  3    2    2    2    8    5    1    0.165338D-03
  1  1  1  2  2  3    2    2    2    8    5    2    0.179967D-03
  1  1  1  2  2  3    2    2    2    8    5    3    0.187947D-03
  1  1  1  2  2  3    2    2    2    8    5    4    0.170373D-03
  1  1  1  2  2  3    2    2    2    8    5    5    0.182575D-03
  1  1  1  2  2  3    2    2    2    8    5    6    0.190714D-03
  1  1  1  2  2  3    2    2    2    8    5    7    0.175562D-03
  1  1  1  2  2  3    2    2    2    8    5    8    0.185235D-03
  1  1  1  2  2  3    2    2    2    8    5    9    0.160452D-03
  1  1  1  2  2  3    2    2    2    8    6    1    0.172696D-03
  1  1  1  2  2  3    2    2    2    8    6    2    0.187975D-03
  1  1  1  2  2  3    2    2    2    8    6    3    0.196311D-03
  1  1  1  2  2  3    2    2    2    8    6    4    0.177955D-03
  1  1  1  2  2  3    2    2    2    8    6    5    0.190700D-03
  1  1  1  2  2  3    2    2    2    8    6    6    0.199201D-03
  1  1  1  2  2  3    2    2    2    8    6    7    0.183375D-03
  1  1  1  2  2  3    2    2    2    8    6    8    0.193478D-03
  1  1  1  2  2  3    2    2    2    8    6    9    0.167592D-03
  1  1  1  2  2  3    2    2    2    8    7    1    0.158164D-03
  1  1  1  2  2  3    2    2    2    8    7    2    0.172157D-03
  1  1  1  2  2  3    2    2    2    8    7    3    0.179792D-03
  1  1  1  2  2  3    2    2    2    8    7    4    0.162980D-03
  1  1  1  2  2  3    2    2    2    8    7    5    0.174652D-03
  1  1  1  2  2  3    2    2    2    8    7    6    0.182438D-03
  1  1  1  2  2  3    2    2    2    8    7    7    0.167944D-03
  1  1  1  2  2  3    2    2    2    8    7    8    0.177197D-03
  1  1  1  2  2  3    2    2    2    8    7    9    0.153489D-03
  1  1  1  2  2  3    2    2    2    8    8    1    0.167743D-03
  1  1  1  2  2  3    2    2    2    8    8    2    0.182584D-03
  1  1  1  2  2  3    2    2    2    8    8    3    0.190680D-03
  1  1  1  2  2  3    2    2    2    8    8    4    0.172851D-03
  1  1  1  2  2  3    2    2    2    8    8    5    0.185230D-03
  1  1  1  2  2  3    2    2    2    8    8    6    0.193487D-03
  1  1  1  2  2  3    2    2    2    8    8    7    0.178115D-03
  1  1  1  2  2  3    2    2    2    8    8    8    0.187928D-03
  1  1  1  2  2  3    2    2    2    8    8    9    0.162785D-03
  1  1  1  2  2  3    2    2    2    8    9    1    0.144551D-03
  1  1  1  2  2  3    2    2    2    8    9    2    0.157340D-03
  1  1  1  2  2  3    2    2    2    8    9    3    0.164317D-03
  1  1  1  2  2  3    2    2    2    8    9    4    0.148953D-03
  1  1  1  2  2  3    2    2    2    8    9    5    0.159620D-03
  1  1  1  2  2  3    2    2    2    8    9    6    0.166736D-03
  1  1  1  2  2  3    2    2    2    8    9    7    0.153489D-03
  1  1  1  2  2  3    2    2    2    8    9    8    0.161946D-03
  1  1  1  2  2  3    2    2    2    8    9    9    0.140278D-03
  1  1  1  2  2  3    2    2    2    9    1    1    0.128359D-03
  1  1  1  2  2  3    2    2    2    9    1    2    0.139715D-03
  1  1  1  2  2  3    2    2    2    9    1    3    0.145911D-03
  1  1  1  2  2  3    2    2    2    9    1    4    0.132268D-03
  1  1  1  2  2  3    2    2    2    9    1    5    0.141740D-03
  1  1  1  2  2  3    2    2    2    9    1    6    0.148059D-03
  1  1  1  2  2  3    2    2    2    9    1    7    0.136296D-03
  1  1  1  2  2  3    2    2    2    9    1    8    0.143805D-03
  1  1  1  2  2  3    2    2    2    9    1    9    0.124565D-03
  1  1  1  2  2  3    2    2    2    9    2    1    0.140447D-03
  1  1  1  2  2  3    2    2    2    9    2    2    0.152873D-03
  1  1  1  2  2  3    2    2    2    9    2    3    0.159652D-03
  1  1  1  2  2  3    2    2    2    9    2    4    0.144724D-03
  1  1  1  2  2  3    2    2    2    9    2    5    0.155089D-03
  1  1  1  2  2  3    2    2    2    9    2    6    0.162002D-03
  1  1  1  2  2  3    2    2    2    9    2    7    0.149132D-03
  1  1  1  2  2  3    2    2    2    9    2    8    0.157348D-03
  1  1  1  2  2  3    2    2    2    9    2    9    0.136296D-03
  1  1  1  2  2  3    2    2    2    9    3    1    0.146664D-03
  1  1  1  2  2  3    2    2    2    9    3    2    0.159640D-03
  1  1  1  2  2  3    2    2    2    9    3    3    0.166719D-03
  1  1  1  2  2  3    2    2    2    9    3    4    0.151130D-03
  1  1  1  2  2  3    2    2    2    9    3    5    0.161954D-03
  1  1  1  2  2  3    2    2    2    9    3    6    0.169173D-03
  1  1  1  2  2  3    2    2    2    9    3    7    0.155733D-03
  1  1  1  2  2  3    2    2    2    9    3    8    0.164313D-03
  1  1  1  2  2  3    2    2    2    9    3    9    0.142329D-03
  1  1  1  2  2  3    2    2    2    9    4    1    0.132268D-03
  1  1  1  2  2  3    2    2    2    9    4    2    0.143970D-03
  1  1  1  2  2  3    2    2    2    9    4    3    0.150355D-03
  1  1  1  2  2  3    2    2    2    9    4    4    0.136296D-03
  1  1  1  2  2  3    2    2    2    9    4    5    0.146057D-03
  1  1  1  2  2  3    2    2    2    9    4    6    0.152568D-03
  1  1  1  2  2  3    2    2    2    9    4    7    0.140447D-03
  1  1  1  2  2  3    2    2    2    9    4    8    0.148185D-03
  1  1  1  2  2  3    2    2    2    9    4    9    0.128359D-03
  1  1  1  2  2  3    2    2    2    9    5    1    0.142479D-03
  1  1  1  2  2  3    2    2    2    9    5    2    0.155085D-03
  1  1  1  2  2  3    2    2    2    9    5    3    0.161962D-03
  1  1  1  2  2  3    2    2    2    9    5    4    0.146818D-03
  1  1  1  2  2  3    2    2    2    9    5    5    0.157332D-03
  1  1  1  2  2  3    2    2    2    9    5    6    0.164346D-03
  1  1  1  2  2  3    2    2    2    9    5    7    0.151289D-03
  1  1  1  2  2  3    2    2    2    9    5    8    0.159624D-03
  1  1  1  2  2  3    2    2    2    9    5    9    0.138268D-03
  1  1  1  2  2  3    2    2    2    9    6    1    0.148819D-03
  1  1  1  2  2  3    2    2    2    9    6    2    0.161986D-03
  1  1  1  2  2  3    2    2    2    9    6    3    0.169169D-03
  1  1  1  2  2  3    2    2    2    9    6    4    0.153351D-03
  1  1  1  2  2  3    2    2    2    9    6    5    0.164333D-03
  1  1  1  2  2  3    2    2    2    9    6    6    0.171659D-03
  1  1  1  2  2  3    2    2    2    9    6    7    0.158021D-03
  1  1  1  2  2  3    2    2    2    9    6    8    0.166727D-03
  1  1  1  2  2  3    2    2    2    9    6    9    0.144421D-03
  1  1  1  2  2  3    2    2    2    9    7    1    0.136296D-03
  1  1  1  2  2  3    2    2    2    9    7    2    0.148355D-03
  1  1  1  2  2  3    2    2    2    9    7    3    0.154934D-03
  1  1  1  2  2  3    2    2    2    9    7    4    0.140447D-03
  1  1  1  2  2  3    2    2    2    9    7    5    0.150505D-03
  1  1  1  2  2  3    2    2    2    9    7    6    0.157214D-03
  1  1  1  2  2  3    2    2    2    9    7    7    0.144724D-03
  1  1  1  2  2  3    2    2    2    9    7    8    0.152698D-03
  1  1  1  2  2  3    2    2    2    9    7    9    0.132268D-03
  1  1  1  2  2  3    2    2    2    9    8    1    0.144551D-03
  1  1  1  2  2  3    2    2    2    9    8    2    0.157340D-03
  1  1  1  2  2  3    2    2    2    9    8    3    0.164317D-03
  1  1  1  2  2  3    2    2    2    9    8    4    0.148953D-03
  1  1  1  2  2  3    2    2    2    9    8    5    0.159620D-03
  1  1  1  2  2  3    2    2    2    9    8    6    0.166736D-03
  1  1  1  2  2  3    2    2    2    9    8    7    0.153489D-03
  1  1  1  2  2  3    2    2    2    9    8    8    0.161946D-03
  1  1  1  2  2  3    2    2    2    9    8    9    0.140278D-03
  1  1  1  2  2  3    2    2    2    9    9    1    0.124565D-03
  1  1  1  2  2  3    2    2    2    9    9    2    0.135586D-03
  1  1  1  2  2  3    2    2    2    9    9    3    0.141599D-03
  1  1  1  2  2  3    2    2    2    9    9    4    0.128359D-03
  1  1  1  2  2  3    2    2    2    9    9    5    0.137551D-03
  1  1  1  2  2  3    2    2    2    9    9    6    0.143683D-03
  1  1  1  2  2  3    2    2    2    9    9    7    0.132268D-03
  1  1  1  2  2  3    2    2    2    9    9    8    0.139555D-03
  1  1  1  2  2  3    2    2    2    9    9    9    0.120884D-03
  1  1  1  2  2  3    1    1    1    1    1    1    0.224004D-03
  1  1  1  2  2  3    1    1    1    1    1    2    0.227352D-03
  1  1  1  2  2  3    1    1    1    1    1    3    0.218489D-03
  1  1  1  2  2  3    1    1    1    1    2    1    0.227347D-03
  1  1  1  2  2  3    1    1    1    1    2    2    0.230745D-03
  1  1  1  2  2  3    1    1    1    1    2    3    0.221749D-03
  1  1  1  2  2  3    1    1    1    1    3    1    0.217384D-03
  1  1  1  2  2  3    1    1    1    1    3    2    0.220633D-03
  1  1  1  2  2  3    1    1    1    1    3    3    0.212031D-03
  1  1  1  2  2  3    1    1    1    2    1    1    0.227347D-03
  1  1  1  2  2  3    1    1    1    2    1    2    0.230745D-03
  1  1  1  2  2  3    1    1    1    2    1    3    0.221749D-03
  1  1  1  2  2  3    1    1    1    2    2    1    0.230739D-03
  1  1  1  2  2  3    1    1    1    2    2    2    0.234188D-03
  1  1  1  2  2  3    1    1    1    2    2    3    0.225058D-03
  1  1  1  2  2  3    1    1    1    2    3    1    0.220627D-03
  1  1  1  2  2  3    1    1    1    2    3    2    0.223925D-03
  1  1  1  2  2  3    1    1    1    2    3    3    0.215195D-03
  1  1  1  2  2  3    1    1    1    3    1    1    0.217384D-03
  1  1  1  2  2  3    1    1    1    3    1    2    0.220633D-03
  1  1  1  2  2  3    1    1    1    3    1    3    0.212031D-03
  1  1  1  2  2  3    1    1    1    3    2    1    0.220627D-03
  1  1  1  2  2  3    1    1    1    3    2    2    0.223925D-03
  1  1  1  2  2  3    1    1    1    3    2    3    0.215195D-03
  1  1  1  2  2  3    1    1    1    3    3    1    0.210959D-03
  1  1  1  2  2  3    1    1    1    3    3    2    0.214112D-03
  1  1  1  2  2  3    1    1    1    3    3    3    0.205765D-03
  1  1  1  2  2  3    0    0    0    1    1    1    0.244891D-03
