  1  1  1  1  1  3    2    2    2    1    1    1    0.137666D-03
  1  1  1  1  1  3    2    2    2    1    1    2    0.149846D-03
  1  1  1  1  1  3    2    2    2    1    1    3    0.156491D-03
  1  1  1  1  1  3    2    2    2    1    1    4    0.141858D-03
  1  1  1  1  1  3    2    2    2    1    1    5    0.152018D-03
  1  1  1  1  1  3    2    2    2    1    1    6    0.158794D-03
  1  1  1  1  1  3    2    2    2    1    1    7    0.146179D-03
  1  1  1  1  1  3    2    2    2    1    1    8    0.154232D-03
  1  1  1  1  1  3    2    2    2    1    1    9    0.133597D-03
  1  1  1  1  1  3    2    2    2    1    2    1    0.149067D-03
  1  1  1  1  1  3    2    2    2    1    2    2    0.162256D-03
  1  1  1  1  1  3    2    2    2    1    2    3    0.169451D-03
  1  1  1  1  1  3    2    2    2    1    2    4    0.153607D-03
  1  1  1  1  1  3    2    2    2    1    2    5    0.164607D-03
  1  1  1  1  1  3    2    2    2    1    2    6    0.171945D-03
  1  1  1  1  1  3    2    2    2    1    2    7    0.158285D-03
  1  1  1  1  1  3    2    2    2    1    2    8    0.167005D-03
  1  1  1  1  1  3    2    2    2    1    2    9    0.144661D-03
  1  1  1  1  1  3    2    2    2    1    3    1    0.155689D-03
  1  1  1  1  1  3    2    2    2    1    3    2    0.169464D-03
  1  1  1  1  1  3    2    2    2    1    3    3    0.176978D-03
  1  1  1  1  1  3    2    2    2    1    3    4    0.160430D-03
  1  1  1  1  1  3    2    2    2    1    3    5    0.171920D-03
  1  1  1  1  1  3    2    2    2    1    3    6    0.179583D-03
  1  1  1  1  1  3    2    2    2    1    3    7    0.165316D-03
  1  1  1  1  1  3    2    2    2    1    3    8    0.174424D-03
  1  1  1  1  1  3    2    2    2    1    3    9    0.151088D-03
  1  1  1  1  1  3    2    2    2    1    4    1    0.141858D-03
  1  1  1  1  1  3    2    2    2    1    4    2    0.154409D-03
  1  1  1  1  1  3    2    2    2    1    4    3    0.161257D-03
  1  1  1  1  1  3    2    2    2    1    4    4    0.146179D-03
  1  1  1  1  1  3    2    2    2    1    4    5    0.156647D-03
  1  1  1  1  1  3    2    2    2    1    4    6    0.163630D-03
  1  1  1  1  1  3    2    2    2    1    4    7    0.150630D-03
  1  1  1  1  1  3    2    2    2    1    4    8    0.158929D-03
  1  1  1  1  1  3    2    2    2    1    4    9    0.137666D-03
  1  1  1  1  1  3    2    2    2    1    5    1    0.151231D-03
  1  1  1  1  1  3    2    2    2    1    5    2    0.164612D-03
  1  1  1  1  1  3    2    2    2    1    5    3    0.171911D-03
  1  1  1  1  1  3    2    2    2    1    5    4    0.155837D-03
  1  1  1  1  1  3    2    2    2    1    5    5    0.166997D-03
  1  1  1  1  1  3    2    2    2    1    5    6    0.174442D-03
  1  1  1  1  1  3    2    2    2    1    5    7    0.160583D-03
  1  1  1  1  1  3    2    2    2    1    5    8    0.169430D-03
  1  1  1  1  1  3    2    2    2    1    5    9    0.146761D-03
  1  1  1  1  1  3    2    2    2    1    6    1    0.129649D-03
  1  1  1  1  1  3    2    2    2    1    6    2    0.141120D-03
  1  1  1  1  1  3    2    2    2    1    6    3    0.147377D-03
  1  1  1  1  1  3    2    2    2    1    6    4    0.133597D-03
  1  1  1  1  1  3    2    2    2    1    6    5    0.143165D-03
  1  1  1  1  1  3    2    2    2    1    6    6    0.149547D-03
  1  1  1  1  1  3    2    2    2    1    6    7    0.137666D-03
  1  1  1  1  1  3    2    2    2    1    6    8    0.145250D-03
  1  1  1  1  1  3    2    2    2    1    6    9    0.125817D-03
  1  1  1  1  1  3    2    2    2    1    7    1    0.146179D-03
  1  1  1  1  1  3    2    2    2    1    7    2    0.159112D-03
  1  1  1  1  1  3    2    2    2    1    7    3    0.166168D-03
  1  1  1  1  1  3    2    2    2    1    7    4    0.150630D-03
  1  1  1  1  1  3    2    2    2    1    7    5    0.161418D-03
  1  1  1  1  1  3    2    2    2    1    7    6    0.168614D-03
  1  1  1  1  1  3    2    2    2    1    7    7    0.155218D-03
  1  1  1  1  1  3    2    2    2    1    7    8    0.163769D-03
  1  1  1  1  1  3    2    2    2    1    7    9    0.141858D-03
  1  1  1  1  1  3    2    2    2    1    8    1    0.153438D-03
  1  1  1  1  1  3    2    2    2    1    8    2    0.167014D-03
  1  1  1  1  1  3    2    2    2    1    8    3    0.174420D-03
  1  1  1  1  1  3    2    2    2    1    8    4    0.158111D-03
  1  1  1  1  1  3    2    2    2    1    8    5    0.169434D-03
  1  1  1  1  1  3    2    2    2    1    8    6    0.176987D-03
  1  1  1  1  1  3    2    2    2    1    8    7    0.162926D-03
  1  1  1  1  1  3    2    2    2    1    8    8    0.171902D-03
  1  1  1  1  1  3    2    2    2    1    8    9    0.148903D-03
  1  1  1  1  1  3    2    2    2    1    9    1    0.133597D-03
  1  1  1  1  1  3    2    2    2    1    9    2    0.145417D-03
  1  1  1  1  1  3    2    2    2    1    9    3    0.151866D-03
  1  1  1  1  1  3    2    2    2    1    9    4    0.137666D-03
  1  1  1  1  1  3    2    2    2    1    9    5    0.147525D-03
  1  1  1  1  1  3    2    2    2    1    9    6    0.154101D-03
  1  1  1  1  1  3    2    2    2    1    9    7    0.141858D-03
  1  1  1  1  1  3    2    2    2    1    9    8    0.149674D-03
  1  1  1  1  1  3    2    2    2    1    9    9    0.129649D-03
  1  1  1  1  1  3    2    2    2    2    1    1    0.149067D-03
  1  1  1  1  1  3    2    2    2    2    1    2    0.162256D-03
  1  1  1  1  1  3    2    2    2    2    1    3    0.169451D-03
  1  1  1  1  1  3    2    2    2    2    1    4    0.153607D-03
  1  1  1  1  1  3    2    2    2    2    1    5    0.164607D-03
  1  1  1  1  1  3    2    2    2    2    1    6    0.171945D-03
  1  1  1  1  1  3    2    2    2    2    1    7    0.158285D-03
  1  1  1  1  1  3    2    2    2    2    1    8    0.167005D-03
  1  1  1  1  1  3    2    2    2    2    1    9    0.144661D-03
  1  1  1  1  1  3    2    2    2    2    2    1    0.161412D-03
  1  1  1  1  1  3    2    2    2    2    2    2    0.175694D-03
  1  1  1  1  1  3    2    2    2    2    2    3    0.183485D-03
  1  1  1  1  1  3    2    2    2    2    2    4    0.166328D-03
  1  1  1  1  1  3    2    2    2    2    2    5    0.178240D-03
  1  1  1  1  1  3    2    2    2    2    2    6    0.186186D-03
  1  1  1  1  1  3    2    2    2    2    2    7    0.171394D-03
  1  1  1  1  1  3    2    2    2    2    2    8    0.180836D-03
  1  1  1  1  1  3    2    2    2    2    2    9    0.156642D-03
  1  1  1  1  1  3    2    2    2    2    3    1    0.168583D-03
  1  1  1  1  1  3    2    2    2    2    3    2    0.183498D-03
  1  1  1  1  1  3    2    2    2    2    3    3    0.191635D-03
  1  1  1  1  1  3    2    2    2    2    3    4    0.173717D-03
  1  1  1  1  1  3    2    2    2    2    3    5    0.186158D-03
  1  1  1  1  1  3    2    2    2    2    3    6    0.194456D-03
  1  1  1  1  1  3    2    2    2    2    3    7    0.179007D-03
  1  1  1  1  1  3    2    2    2    2    3    8    0.188870D-03
  1  1  1  1  1  3    2    2    2    2    3    9    0.163600D-03
  1  1  1  1  1  3    2    2    2    2    4    1    0.153607D-03
  1  1  1  1  1  3    2    2    2    2    4    2    0.167197D-03
  1  1  1  1  1  3    2    2    2    2    4    3    0.174612D-03
  1  1  1  1  1  3    2    2    2    2    4    4    0.158285D-03
  1  1  1  1  1  3    2    2    2    2    4    5    0.169620D-03
  1  1  1  1  1  3    2    2    2    2    4    6    0.177182D-03
  1  1  1  1  1  3    2    2    2    2    4    7    0.163105D-03
  1  1  1  1  1  3    2    2    2    2    4    8    0.172091D-03
  1  1  1  1  1  3    2    2    2    2    4    9    0.149067D-03
  1  1  1  1  1  3    2    2    2    2    5    1    0.163756D-03
  1  1  1  1  1  3    2    2    2    2    5    2    0.178244D-03
  1  1  1  1  1  3    2    2    2    2    5    3    0.186148D-03
  1  1  1  1  1  3    2    2    2    2    5    4    0.168743D-03
  1  1  1  1  1  3    2    2    2    2    5    5    0.180827D-03
  1  1  1  1  1  3    2    2    2    2    5    6    0.188888D-03
  1  1  1  1  1  3    2    2    2    2    5    7    0.173882D-03
  1  1  1  1  1  3    2    2    2    2    5    8    0.183462D-03
  1  1  1  1  1  3    2    2    2    2    5    9    0.158916D-03
  1  1  1  1  1  3    2    2    2    2    6    1    0.140386D-03
  1  1  1  1  1  3    2    2    2    2    6    2    0.152807D-03
  1  1  1  1  1  3    2    2    2    2    6    3    0.159583D-03
  1  1  1  1  1  3    2    2    2    2    6    4    0.144661D-03
  1  1  1  1  1  3    2    2    2    2    6    5    0.155021D-03
  1  1  1  1  1  3    2    2    2    2    6    6    0.161932D-03
  1  1  1  1  1  3    2    2    2    2    6    7    0.149067D-03
  1  1  1  1  1  3    2    2    2    2    6    8    0.157280D-03
  1  1  1  1  1  3    2    2    2    2    6    9    0.136237D-03
  1  1  1  1  1  3    2    2    2    2    7    1    0.158285D-03
  1  1  1  1  1  3    2    2    2    2    7    2    0.172289D-03
  1  1  1  1  1  3    2    2    2    2    7    3    0.179929D-03
  1  1  1  1  1  3    2    2    2    2    7    4    0.163105D-03
  1  1  1  1  1  3    2    2    2    2    7    5    0.174786D-03
  1  1  1  1  1  3    2    2    2    2    7    6    0.182578D-03
  1  1  1  1  1  3    2    2    2    2    7    7    0.168073D-03
  1  1  1  1  1  3    2    2    2    2    7    8    0.177332D-03
  1  1  1  1  1  3    2    2    2    2    7    9    0.153607D-03
  1  1  1  1  1  3    2    2    2    2    8    1    0.166145D-03
  1  1  1  1  1  3    2    2    2    2    8    2    0.180846D-03
  1  1  1  1  1  3    2    2    2    2    8    3    0.188865D-03
  1  1  1  1  1  3    2    2    2    2    8    4    0.171205D-03
  1  1  1  1  1  3    2    2    2    2    8    5    0.183466D-03
  1  1  1  1  1  3    2    2    2    2    8    6    0.191645D-03
  1  1  1  1  1  3    2    2    2    2    8    7    0.176419D-03
  1  1  1  1  1  3    2    2    2    2    8    8    0.186139D-03
  1  1  1  1  1  3    2    2    2    2    8    9    0.161235D-03
  1  1  1  1  1  3    2    2    2    2    9    1    0.144661D-03
  1  1  1  1  1  3    2    2    2    2    9    2    0.157461D-03
  1  1  1  1  1  3    2    2    2    2    9    3    0.164443D-03
  1  1  1  1  1  3    2    2    2    2    9    4    0.149067D-03
  1  1  1  1  1  3    2    2    2    2    9    5    0.159743D-03
  1  1  1  1  1  3    2    2    2    2    9    6    0.166864D-03
  1  1  1  1  1  3    2    2    2    2    9    7    0.153607D-03
  1  1  1  1  1  3    2    2    2    2    9    8    0.162070D-03
  1  1  1  1  1  3    2    2    2    2    9    9    0.140386D-03
  1  1  1  1  1  3    2    2    2    3    1    1    0.155689D-03
  1  1  1  1  1  3    2    2    2    3    1    2    0.169464D-03
  1  1  1  1  1  3    2    2    2    3    1    3    0.176978D-03
  1  1  1  1  1  3    2    2    2    3    1    4    0.160430D-03
  1  1  1  1  1  3    2    2    2    3    1    5    0.171920D-03
  1  1  1  1  1  3    2    2    2    3    1    6    0.179583D-03
  1  1  1  1  1  3    2    2    2    3    1    7    0.165316D-03
  1  1  1  1  1  3    2    2    2    3    1    8    0.174424D-03
  1  1  1  1  1  3    2    2    2    3    1    9    0.151088D-03
  1  1  1  1  1  3    2    2    2    3    2    1    0.168583D-03
  1  1  1  1  1  3    2    2    2    3    2    2    0.183498D-03
  1  1  1  1  1  3    2    2    2    3    2    3    0.191635D-03
  1  1  1  1  1  3    2    2    2    3    2    4    0.173717D-03
  1  1  1  1  1  3    2    2    2    3    2    5    0.186158D-03
  1  1  1  1  1  3    2    2    2    3    2    6    0.194456D-03
  1  1  1  1  1  3    2    2    2    3    2    7    0.179007D-03
  1  1  1  1  1  3    2    2    2    3    2    8    0.188870D-03
  1  1  1  1  1  3    2    2    2    3    2    9    0.163600D-03
  1  1  1  1  1  3    2    2    2    3    3    1    0.176071D-03
  1  1  1  1  1  3    2    2    2    3    3    2    0.191650D-03
  1  1  1  1  1  3    2    2    2    3    3    3    0.200148D-03
  1  1  1  1  1  3    2    2    2    3    3    4    0.181434D-03
  1  1  1  1  1  3    2    2    2    3    3    5    0.194427D-03
  1  1  1  1  1  3    2    2    2    3    3    6    0.203094D-03
  1  1  1  1  1  3    2    2    2    3    3    7    0.186959D-03
  1  1  1  1  1  3    2    2    2    3    3    8    0.197260D-03
  1  1  1  1  1  3    2    2    2    3    3    9    0.170868D-03
  1  1  1  1  1  3    2    2    2    3    4    1    0.160430D-03
  1  1  1  1  1  3    2    2    2    3    4    2    0.174625D-03
  1  1  1  1  1  3    2    2    2    3    4    3    0.182368D-03
  1  1  1  1  1  3    2    2    2    3    4    4    0.165316D-03
  1  1  1  1  1  3    2    2    2    3    4    5    0.177155D-03
  1  1  1  1  1  3    2    2    2    3    4    6    0.185053D-03
  1  1  1  1  1  3    2    2    2    3    4    7    0.170351D-03
  1  1  1  1  1  3    2    2    2    3    4    8    0.179736D-03
  1  1  1  1  1  3    2    2    2    3    4    9    0.155689D-03
  1  1  1  1  1  3    2    2    2    3    5    1    0.171030D-03
  1  1  1  1  1  3    2    2    2    3    5    2    0.186162D-03
  1  1  1  1  1  3    2    2    2    3    5    3    0.194417D-03
  1  1  1  1  1  3    2    2    2    3    5    4    0.176239D-03
  1  1  1  1  1  3    2    2    2    3    5    5    0.188860D-03
  1  1  1  1  1  3    2    2    2    3    5    6    0.197279D-03
  1  1  1  1  1  3    2    2    2    3    5    7    0.181606D-03
  1  1  1  1  1  3    2    2    2    3    5    8    0.191612D-03
  1  1  1  1  1  3    2    2    2    3    5    9    0.165975D-03
  1  1  1  1  1  3    2    2    2    3    6    1    0.146622D-03
  1  1  1  1  1  3    2    2    2    3    6    2    0.159595D-03
  1  1  1  1  1  3    2    2    2    3    6    3    0.166672D-03
  1  1  1  1  1  3    2    2    2    3    6    4    0.151088D-03
  1  1  1  1  1  3    2    2    2    3    6    5    0.161908D-03
  1  1  1  1  1  3    2    2    2    3    6    6    0.169125D-03
  1  1  1  1  1  3    2    2    2    3    6    7    0.155689D-03
  1  1  1  1  1  3    2    2    2    3    6    8    0.164266D-03
  1  1  1  1  1  3    2    2    2    3    6    9    0.142289D-03
  1  1  1  1  1  3    2    2    2    3    7    1    0.165316D-03
  1  1  1  1  1  3    2    2    2    3    7    2    0.179943D-03
  1  1  1  1  1  3    2    2    2    3    7    3    0.187922D-03
  1  1  1  1  1  3    2    2    2    3    7    4    0.170351D-03
  1  1  1  1  1  3    2    2    2    3    7    5    0.182551D-03
  1  1  1  1  1  3    2    2    2    3    7    6    0.190688D-03
  1  1  1  1  1  3    2    2    2    3    7    7    0.175539D-03
  1  1  1  1  1  3    2    2    2    3    7    8    0.185210D-03
  1  1  1  1  1  3    2    2    2    3    7    9    0.160430D-03
  1  1  1  1  1  3    2    2    2    3    8    1    0.173526D-03
  1  1  1  1  1  3    2    2    2    3    8    2    0.188879D-03
  1  1  1  1  1  3    2    2    2    3    8    3    0.197255D-03
  1  1  1  1  1  3    2    2    2    3    8    4    0.178811D-03
  1  1  1  1  1  3    2    2    2    3    8    5    0.191616D-03
  1  1  1  1  1  3    2    2    2    3    8    6    0.200158D-03
  1  1  1  1  1  3    2    2    2    3    8    7    0.184256D-03
  1  1  1  1  1  3    2    2    2    3    8    8    0.194408D-03
  1  1  1  1  1  3    2    2    2    3    8    9    0.168398D-03
  1  1  1  1  1  3    2    2    2    3    9    1    0.151088D-03
  1  1  1  1  1  3    2    2    2    3    9    2    0.164455D-03
  1  1  1  1  1  3    2    2    2    3    9    3    0.171748D-03
  1  1  1  1  1  3    2    2    2    3    9    4    0.155689D-03
  1  1  1  1  1  3    2    2    2    3    9    5    0.166839D-03
  1  1  1  1  1  3    2    2    2    3    9    6    0.174276D-03
  1  1  1  1  1  3    2    2    2    3    9    7    0.160430D-03
  1  1  1  1  1  3    2    2    2    3    9    8    0.169269D-03
  1  1  1  1  1  3    2    2    2    3    9    9    0.146622D-03
  1  1  1  1  1  3    2    2    2    4    1    1    0.141858D-03
  1  1  1  1  1  3    2    2    2    4    1    2    0.154409D-03
  1  1  1  1  1  3    2    2    2    4    1    3    0.161257D-03
  1  1  1  1  1  3    2    2    2    4    1    4    0.146179D-03
  1  1  1  1  1  3    2    2    2    4    1    5    0.156647D-03
  1  1  1  1  1  3    2    2    2    4    1    6    0.163630D-03
  1  1  1  1  1  3    2    2    2    4    1    7    0.150630D-03
  1  1  1  1  1  3    2    2    2    4    1    8    0.158929D-03
  1  1  1  1  1  3    2    2    2    4    1    9    0.137666D-03
  1  1  1  1  1  3    2    2    2    4    2    1    0.153607D-03
  1  1  1  1  1  3    2    2    2    4    2    2    0.167197D-03
  1  1  1  1  1  3    2    2    2    4    2    3    0.174612D-03
  1  1  1  1  1  3    2    2    2    4    2    4    0.158285D-03
  1  1  1  1  1  3    2    2    2    4    2    5    0.169620D-03
  1  1  1  1  1  3    2    2    2    4    2    6    0.177182D-03
  1  1  1  1  1  3    2    2    2    4    2    7    0.163105D-03
  1  1  1  1  1  3    2    2    2    4    2    8    0.172091D-03
  1  1  1  1  1  3    2    2    2    4    2    9    0.149067D-03
  1  1  1  1  1  3    2    2    2    4    3    1    0.160430D-03
  1  1  1  1  1  3    2    2    2    4    3    2    0.174625D-03
  1  1  1  1  1  3    2    2    2    4    3    3    0.182368D-03
  1  1  1  1  1  3    2    2    2    4    3    4    0.165316D-03
  1  1  1  1  1  3    2    2    2    4    3    5    0.177155D-03
  1  1  1  1  1  3    2    2    2    4    3    6    0.185053D-03
  1  1  1  1  1  3    2    2    2    4    3    7    0.170351D-03
  1  1  1  1  1  3    2    2    2    4    3    8    0.179736D-03
  1  1  1  1  1  3    2    2    2    4    3    9    0.155689D-03
  1  1  1  1  1  3    2    2    2    4    4    1    0.146179D-03
  1  1  1  1  1  3    2    2    2    4    4    2    0.159112D-03
  1  1  1  1  1  3    2    2    2    4    4    3    0.166168D-03
  1  1  1  1  1  3    2    2    2    4    4    4    0.150630D-03
  1  1  1  1  1  3    2    2    2    4    4    5    0.161418D-03
  1  1  1  1  1  3    2    2    2    4    4    6    0.168614D-03
  1  1  1  1  1  3    2    2    2    4    4    7    0.155218D-03
  1  1  1  1  1  3    2    2    2    4    4    8    0.163769D-03
  1  1  1  1  1  3    2    2    2    4    4    9    0.141858D-03
  1  1  1  1  1  3    2    2    2    4    5    1    0.155837D-03
  1  1  1  1  1  3    2    2    2    4    5    2    0.169625D-03
  1  1  1  1  1  3    2    2    2    4    5    3    0.177146D-03
  1  1  1  1  1  3    2    2    2    4    5    4    0.160583D-03
  1  1  1  1  1  3    2    2    2    4    5    5    0.172083D-03
  1  1  1  1  1  3    2    2    2    4    5    6    0.179754D-03
  1  1  1  1  1  3    2    2    2    4    5    7    0.165473D-03
  1  1  1  1  1  3    2    2    2    4    5    8    0.174590D-03
  1  1  1  1  1  3    2    2    2    4    5    9    0.151231D-03
  1  1  1  1  1  3    2    2    2    4    6    1    0.133597D-03
  1  1  1  1  1  3    2    2    2    4    6    2    0.145417D-03
  1  1  1  1  1  3    2    2    2    4    6    3    0.151866D-03
  1  1  1  1  1  3    2    2    2    4    6    4    0.137666D-03
  1  1  1  1  1  3    2    2    2    4    6    5    0.147525D-03
  1  1  1  1  1  3    2    2    2    4    6    6    0.154101D-03
  1  1  1  1  1  3    2    2    2    4    6    7    0.141858D-03
  1  1  1  1  1  3    2    2    2    4    6    8    0.149674D-03
  1  1  1  1  1  3    2    2    2    4    6    9    0.129649D-03
  1  1  1  1  1  3    2    2    2    4    7    1    0.150630D-03
  1  1  1  1  1  3    2    2    2    4    7    2    0.163958D-03
  1  1  1  1  1  3    2    2    2    4    7    3    0.171228D-03
  1  1  1  1  1  3    2    2    2    4    7    4    0.155218D-03
  1  1  1  1  1  3    2    2    2    4    7    5    0.166334D-03
  1  1  1  1  1  3    2    2    2    4    7    6    0.173749D-03
  1  1  1  1  1  3    2    2    2    4    7    7    0.159945D-03
  1  1  1  1  1  3    2    2    2    4    7    8    0.168757D-03
  1  1  1  1  1  3    2    2    2    4    7    9    0.146179D-03
  1  1  1  1  1  3    2    2    2    4    8    1    0.158111D-03
  1  1  1  1  1  3    2    2    2    4    8    2    0.172100D-03
  1  1  1  1  1  3    2    2    2    4    8    3    0.179732D-03
  1  1  1  1  1  3    2    2    2    4    8    4    0.162926D-03
  1  1  1  1  1  3    2    2    2    4    8    5    0.174594D-03
  1  1  1  1  1  3    2    2    2    4    8    6    0.182377D-03
  1  1  1  1  1  3    2    2    2    4    8    7    0.167888D-03
  1  1  1  1  1  3    2    2    2    4    8    8    0.177138D-03
  1  1  1  1  1  3    2    2    2    4    8    9    0.153438D-03
  1  1  1  1  1  3    2    2    2    4    9    1    0.137666D-03
  1  1  1  1  1  3    2    2    2    4    9    2    0.149846D-03
  1  1  1  1  1  3    2    2    2    4    9    3    0.156491D-03
  1  1  1  1  1  3    2    2    2    4    9    4    0.141858D-03
  1  1  1  1  1  3    2    2    2    4    9    5    0.152018D-03
  1  1  1  1  1  3    2    2    2    4    9    6    0.158794D-03
  1  1  1  1  1  3    2    2    2    4    9    7    0.146179D-03
  1  1  1  1  1  3    2    2    2    4    9    8    0.154232D-03
  1  1  1  1  1  3    2    2    2    4    9    9    0.133597D-03
  1  1  1  1  1  3    2    2    2    5    1    1    0.151231D-03
  1  1  1  1  1  3    2    2    2    5    1    2    0.164612D-03
  1  1  1  1  1  3    2    2    2    5    1    3    0.171911D-03
  1  1  1  1  1  3    2    2    2    5    1    4    0.155837D-03
  1  1  1  1  1  3    2    2    2    5    1    5    0.166997D-03
  1  1  1  1  1  3    2    2    2    5    1    6    0.174442D-03
  1  1  1  1  1  3    2    2    2    5    1    7    0.160583D-03
  1  1  1  1  1  3    2    2    2    5    1    8    0.169430D-03
  1  1  1  1  1  3    2    2    2    5    1    9    0.146761D-03
  1  1  1  1  1  3    2    2    2    5    2    1    0.163756D-03
  1  1  1  1  1  3    2    2    2    5    2    2    0.178244D-03
  1  1  1  1  1  3    2    2    2    5    2    3    0.186148D-03
  1  1  1  1  1  3    2    2    2    5    2    4    0.168743D-03
  1  1  1  1  1  3    2    2    2    5    2    5    0.180827D-03
  1  1  1  1  1  3    2    2    2    5    2    6    0.188888D-03
  1  1  1  1  1  3    2    2    2    5    2    7    0.173882D-03
  1  1  1  1  1  3    2    2    2    5    2    8    0.183462D-03
  1  1  1  1  1  3    2    2    2    5    2    9    0.158916D-03
  1  1  1  1  1  3    2    2    2    5    3    1    0.171030D-03
  1  1  1  1  1  3    2    2    2    5    3    2    0.186162D-03
  1  1  1  1  1  3    2    2    2    5    3    3    0.194417D-03
  1  1  1  1  1  3    2    2    2    5    3    4    0.176239D-03
  1  1  1  1  1  3    2    2    2    5    3    5    0.188860D-03
  1  1  1  1  1  3    2    2    2    5    3    6    0.197279D-03
  1  1  1  1  1  3    2    2    2    5    3    7    0.181606D-03
  1  1  1  1  1  3    2    2    2    5    3    8    0.191612D-03
  1  1  1  1  1  3    2    2    2    5    3    9    0.165975D-03
  1  1  1  1  1  3    2    2    2    5    4    1    0.155837D-03
  1  1  1  1  1  3    2    2    2    5    4    2    0.169625D-03
  1  1  1  1  1  3    2    2    2    5    4    3    0.177146D-03
  1  1  1  1  1  3    2    2    2    5    4    4    0.160583D-03
  1  1  1  1  1  3    2    2    2    5    4    5    0.172083D-03
  1  1  1  1  1  3    2    2    2    5    4    6    0.179754D-03
  1  1  1  1  1  3    2    2    2    5    4    7    0.165473D-03
  1  1  1  1  1  3    2    2    2    5    4    8    0.174590D-03
  1  1  1  1  1  3    2    2    2    5    4    9    0.151231D-03
  1  1  1  1  1  3    2    2    2    5    5    1    0.166133D-03
  1  1  1  1  1  3    2    2    2    5    5    2    0.180832D-03
  1  1  1  1  1  3    2    2    2    5    5    3    0.188851D-03
  1  1  1  1  1  3    2    2    2    5    5    4    0.171193D-03
  1  1  1  1  1  3    2    2    2    5    5    5    0.183453D-03
  1  1  1  1  1  3    2    2    2    5    5    6    0.191631D-03
  1  1  1  1  1  3    2    2    2    5    5    7    0.176406D-03
  1  1  1  1  1  3    2    2    2    5    5    8    0.186125D-03
  1  1  1  1  1  3    2    2    2    5    5    9    0.161223D-03
  1  1  1  1  1  3    2    2    2    5    6    1    0.142424D-03
  1  1  1  1  1  3    2    2    2    5    6    2    0.155025D-03
  1  1  1  1  1  3    2    2    2    5    6    3    0.161900D-03
  1  1  1  1  1  3    2    2    2    5    6    4    0.146761D-03
  1  1  1  1  1  3    2    2    2    5    6    5    0.157272D-03
  1  1  1  1  1  3    2    2    2    5    6    6    0.164283D-03
  1  1  1  1  1  3    2    2    2    5    6    7    0.151231D-03
  1  1  1  1  1  3    2    2    2    5    6    8    0.159563D-03
  1  1  1  1  1  3    2    2    2    5    6    9    0.138215D-03
  1  1  1  1  1  3    2    2    2    5    7    1    0.160583D-03
  1  1  1  1  1  3    2    2    2    5    7    2    0.174791D-03
  1  1  1  1  1  3    2    2    2    5    7    3    0.182541D-03
  1  1  1  1  1  3    2    2    2    5    7    4    0.165473D-03
  1  1  1  1  1  3    2    2    2    5    7    5    0.177324D-03
  1  1  1  1  1  3    2    2    2    5    7    6    0.185228D-03
  1  1  1  1  1  3    2    2    2    5    7    7    0.170513D-03
  1  1  1  1  1  3    2    2    2    5    7    8    0.179907D-03
  1  1  1  1  1  3    2    2    2    5    7    9    0.155837D-03
  1  1  1  1  1  3    2    2    2    5    8    1    0.168557D-03
  1  1  1  1  1  3    2    2    2    5    8    2    0.183471D-03
  1  1  1  1  1  3    2    2    2    5    8    3    0.191607D-03
  1  1  1  1  1  3    2    2    2    5    8    4    0.173691D-03
  1  1  1  1  1  3    2    2    2    5    8    5    0.186130D-03
  1  1  1  1  1  3    2    2    2    5    8    6    0.194427D-03
  1  1  1  1  1  3    2    2    2    5    8    7    0.178980D-03
  1  1  1  1  1  3    2    2    2    5    8    8    0.188841D-03
  1  1  1  1  1  3    2    2    2    5    8    9    0.163576D-03
  1  1  1  1  1  3    2    2    2    5    9    1    0.146761D-03
  1  1  1  1  1  3    2    2    2    5    9    2    0.159746D-03
  1  1  1  1  1  3    2    2    2    5    9    3    0.166830D-03
  1  1  1  1  1  3    2    2    2    5    9    4    0.151231D-03
  1  1  1  1  1  3    2    2    2    5    9    5    0.162062D-03
  1  1  1  1  1  3    2    2    2    5    9    6    0.169286D-03
  1  1  1  1  1  3    2    2    2    5    9    7    0.155837D-03
  1  1  1  1  1  3    2    2    2    5    9    8    0.164422D-03
  1  1  1  1  1  3    2    2    2    5    9    9    0.142424D-03
  1  1  1  1  1  3    2    2    2    6    1    1    0.129649D-03
  1  1  1  1  1  3    2    2    2    6    1    2    0.141120D-03
  1  1  1  1  1  3    2    2    2    6    1    3    0.147377D-03
  1  1  1  1  1  3    2    2    2    6    1    4    0.133597D-03
  1  1  1  1  1  3    2    2    2    6    1    5    0.143165D-03
  1  1  1  1  1  3    2    2    2    6    1    6    0.149547D-03
  1  1  1  1  1  3    2    2    2    6    1    7    0.137666D-03
  1  1  1  1  1  3    2    2    2    6    1    8    0.145250D-03
  1  1  1  1  1  3    2    2    2    6    1    9    0.125817D-03
  1  1  1  1  1  3    2    2    2    6    2    1    0.140386D-03
  1  1  1  1  1  3    2    2    2    6    2    2    0.152807D-03
  1  1  1  1  1  3    2    2    2    6    2    3    0.159583D-03
  1  1  1  1  1  3    2    2    2    6    2    4    0.144661D-03
  1  1  1  1  1  3    2    2    2    6    2    5    0.155021D-03
  1  1  1  1  1  3    2    2    2    6    2    6    0.161932D-03
  1  1  1  1  1  3    2    2    2    6    2    7    0.149067D-03
  1  1  1  1  1  3    2    2    2    6    2    8    0.157280D-03
  1  1  1  1  1  3    2    2    2    6    2    9    0.136237D-03
  1  1  1  1  1  3    2    2    2    6    3    1    0.146622D-03
  1  1  1  1  1  3    2    2    2    6    3    2    0.159595D-03
  1  1  1  1  1  3    2    2    2    6    3    3    0.166672D-03
  1  1  1  1  1  3    2    2    2    6    3    4    0.151088D-03
  1  1  1  1  1  3    2    2    2    6    3    5    0.161908D-03
  1  1  1  1  1  3    2    2    2    6    3    6    0.169125D-03
  1  1  1  1  1  3    2    2    2    6    3    7    0.155689D-03
  1  1  1  1  1  3    2    2    2    6    3    8    0.164266D-03
  1  1  1  1  1  3    2    2    2    6    3    9    0.142289D-03
  1  1  1  1  1  3    2    2    2    6    4    1    0.133597D-03
  1  1  1  1  1  3    2    2    2    6    4    2    0.145417D-03
  1  1  1  1  1  3    2    2    2    6    4    3    0.151866D-03
  1  1  1  1  1  3    2    2    2    6    4    4    0.137666D-03
  1  1  1  1  1  3    2    2    2    6    4    5    0.147525D-03
  1  1  1  1  1  3    2    2    2    6    4    6    0.154101D-03
  1  1  1  1  1  3    2    2    2    6    4    7    0.141858D-03
  1  1  1  1  1  3    2    2    2    6    4    8    0.149674D-03
  1  1  1  1  1  3    2    2    2    6    4    9    0.129649D-03
  1  1  1  1  1  3    2    2    2    6    5    1    0.142424D-03
  1  1  1  1  1  3    2    2    2    6    5    2    0.155025D-03
  1  1  1  1  1  3    2    2    2    6    5    3    0.161900D-03
  1  1  1  1  1  3    2    2    2    6    5    4    0.146761D-03
  1  1  1  1  1  3    2    2    2    6    5    5    0.157272D-03
  1  1  1  1  1  3    2    2    2    6    5    6    0.164283D-03
  1  1  1  1  1  3    2    2    2    6    5    7    0.151231D-03
  1  1  1  1  1  3    2    2    2    6    5    8    0.159563D-03
  1  1  1  1  1  3    2    2    2    6    5    9    0.138215D-03
  1  1  1  1  1  3    2    2    2    6    6    1    0.122099D-03
  1  1  1  1  1  3    2    2    2    6    6    2    0.132901D-03
  1  1  1  1  1  3    2    2    2    6    6    3    0.138795D-03
  1  1  1  1  1  3    2    2    2    6    6    4    0.125817D-03
  1  1  1  1  1  3    2    2    2    6    6    5    0.134827D-03
  1  1  1  1  1  3    2    2    2    6    6    6    0.140838D-03
  1  1  1  1  1  3    2    2    2    6    6    7    0.129649D-03
  1  1  1  1  1  3    2    2    2    6    6    8    0.136792D-03
  1  1  1  1  1  3    2    2    2    6    6    9    0.118490D-03
  1  1  1  1  1  3    2    2    2    6    7    1    0.137666D-03
  1  1  1  1  1  3    2    2    2    6    7    2    0.149846D-03
  1  1  1  1  1  3    2    2    2    6    7    3    0.156491D-03
  1  1  1  1  1  3    2    2    2    6    7    4    0.141858D-03
  1  1  1  1  1  3    2    2    2    6    7    5    0.152018D-03
  1  1  1  1  1  3    2    2    2    6    7    6    0.158794D-03
  1  1  1  1  1  3    2    2    2    6    7    7    0.146179D-03
  1  1  1  1  1  3    2    2    2    6    7    8    0.154232D-03
  1  1  1  1  1  3    2    2    2    6    7    9    0.133597D-03
  1  1  1  1  1  3    2    2    2    6    8    1    0.144502D-03
  1  1  1  1  1  3    2    2    2    6    8    2    0.157288D-03
  1  1  1  1  1  3    2    2    2    6    8    3    0.164262D-03
  1  1  1  1  1  3    2    2    2    6    8    4    0.148903D-03
  1  1  1  1  1  3    2    2    2    6    8    5    0.159567D-03
  1  1  1  1  1  3    2    2    2    6    8    6    0.166680D-03
  1  1  1  1  1  3    2    2    2    6    8    7    0.153438D-03
  1  1  1  1  1  3    2    2    2    6    8    8    0.161892D-03
  1  1  1  1  1  3    2    2    2    6    8    9    0.140232D-03
  1  1  1  1  1  3    2    2    2    6    9    1    0.125817D-03
  1  1  1  1  1  3    2    2    2    6    9    2    0.136949D-03
  1  1  1  1  1  3    2    2    2    6    9    3    0.143022D-03
  1  1  1  1  1  3    2    2    2    6    9    4    0.129649D-03
  1  1  1  1  1  3    2    2    2    6    9    5    0.138934D-03
  1  1  1  1  1  3    2    2    2    6    9    6    0.145127D-03
  1  1  1  1  1  3    2    2    2    6    9    7    0.133597D-03
  1  1  1  1  1  3    2    2    2    6    9    8    0.140958D-03
  1  1  1  1  1  3    2    2    2    6    9    9    0.122099D-03
  1  1  1  1  1  3    2    2    2    7    1    1    0.146179D-03
  1  1  1  1  1  3    2    2    2    7    1    2    0.159112D-03
  1  1  1  1  1  3    2    2    2    7    1    3    0.166168D-03
  1  1  1  1  1  3    2    2    2    7    1    4    0.150630D-03
  1  1  1  1  1  3    2    2    2    7    1    5    0.161418D-03
  1  1  1  1  1  3    2    2    2    7    1    6    0.168614D-03
  1  1  1  1  1  3    2    2    2    7    1    7    0.155218D-03
  1  1  1  1  1  3    2    2    2    7    1    8    0.163769D-03
  1  1  1  1  1  3    2    2    2    7    1    9    0.141858D-03
  1  1  1  1  1  3    2    2    2    7    2    1    0.158285D-03
  1  1  1  1  1  3    2    2    2    7    2    2    0.172289D-03
  1  1  1  1  1  3    2    2    2    7    2    3    0.179929D-03
  1  1  1  1  1  3    2    2    2    7    2    4    0.163105D-03
  1  1  1  1  1  3    2    2    2    7    2    5    0.174786D-03
  1  1  1  1  1  3    2    2    2    7    2    6    0.182578D-03
  1  1  1  1  1  3    2    2    2    7    2    7    0.168073D-03
  1  1  1  1  1  3    2    2    2    7    2    8    0.177332D-03
  1  1  1  1  1  3    2    2    2    7    2    9    0.153607D-03
  1  1  1  1  1  3    2    2    2    7    3    1    0.165316D-03
  1  1  1  1  1  3    2    2    2    7    3    2    0.179943D-03
  1  1  1  1  1  3    2    2    2    7    3    3    0.187922D-03
  1  1  1  1  1  3    2    2    2    7    3    4    0.170351D-03
  1  1  1  1  1  3    2    2    2    7    3    5    0.182551D-03
  1  1  1  1  1  3    2    2    2    7    3    6    0.190688D-03
  1  1  1  1  1  3    2    2    2    7    3    7    0.175539D-03
  1  1  1  1  1  3    2    2    2    7    3    8    0.185210D-03
  1  1  1  1  1  3    2    2    2    7    3    9    0.160430D-03
  1  1  1  1  1  3    2    2    2    7    4    1    0.150630D-03
  1  1  1  1  1  3    2    2    2    7    4    2    0.163958D-03
  1  1  1  1  1  3    2    2    2    7    4    3    0.171228D-03
  1  1  1  1  1  3    2    2    2    7    4    4    0.155218D-03
  1  1  1  1  1  3    2    2    2    7    4    5    0.166334D-03
  1  1  1  1  1  3    2    2    2    7    4    6    0.173749D-03
  1  1  1  1  1  3    2    2    2    7    4    7    0.159945D-03
  1  1  1  1  1  3    2    2    2    7    4    8    0.168757D-03
  1  1  1  1  1  3    2    2    2    7    4    9    0.146179D-03
  1  1  1  1  1  3    2    2    2    7    5    1    0.160583D-03
  1  1  1  1  1  3    2    2    2    7    5    2    0.174791D-03
  1  1  1  1  1  3    2    2    2    7    5    3    0.182541D-03
  1  1  1  1  1  3    2    2    2    7    5    4    0.165473D-03
  1  1  1  1  1  3    2    2    2    7    5    5    0.177324D-03
  1  1  1  1  1  3    2    2    2    7    5    6    0.185228D-03
  1  1  1  1  1  3    2    2    2    7    5    7    0.170513D-03
  1  1  1  1  1  3    2    2    2    7    5    8    0.179907D-03
  1  1  1  1  1  3    2    2    2    7    5    9    0.155837D-03
  1  1  1  1  1  3    2    2    2    7    6    1    0.137666D-03
  1  1  1  1  1  3    2    2    2    7    6    2    0.149846D-03
  1  1  1  1  1  3    2    2    2    7    6    3    0.156491D-03
  1  1  1  1  1  3    2    2    2    7    6    4    0.141858D-03
  1  1  1  1  1  3    2    2    2    7    6    5    0.152018D-03
  1  1  1  1  1  3    2    2    2    7    6    6    0.158794D-03
  1  1  1  1  1  3    2    2    2    7    6    7    0.146179D-03
  1  1  1  1  1  3    2    2    2    7    6    8    0.154232D-03
  1  1  1  1  1  3    2    2    2    7    6    9    0.133597D-03
  1  1  1  1  1  3    2    2    2    7    7    1    0.155218D-03
  1  1  1  1  1  3    2    2    2    7    7    2    0.168951D-03
  1  1  1  1  1  3    2    2    2    7    7    3    0.176443D-03
  1  1  1  1  1  3    2    2    2    7    7    4    0.159945D-03
  1  1  1  1  1  3    2    2    2    7    7    5    0.171399D-03
  1  1  1  1  1  3    2    2    2    7    7    6    0.179040D-03
  1  1  1  1  1  3    2    2    2    7    7    7    0.164816D-03
  1  1  1  1  1  3    2    2    2    7    7    8    0.173896D-03
  1  1  1  1  1  3    2    2    2    7    7    9    0.150630D-03
  1  1  1  1  1  3    2    2    2    7    8    1    0.162926D-03
  1  1  1  1  1  3    2    2    2    7    8    2    0.177341D-03
  1  1  1  1  1  3    2    2    2    7    8    3    0.185205D-03
  1  1  1  1  1  3    2    2    2    7    8    4    0.167888D-03
  1  1  1  1  1  3    2    2    2    7    8    5    0.179911D-03
  1  1  1  1  1  3    2    2    2    7    8    6    0.187931D-03
  1  1  1  1  1  3    2    2    2    7    8    7    0.173001D-03
  1  1  1  1  1  3    2    2    2    7    8    8    0.182532D-03
  1  1  1  1  1  3    2    2    2    7    8    9    0.158111D-03
  1  1  1  1  1  3    2    2    2    7    9    1    0.141858D-03
  1  1  1  1  1  3    2    2    2    7    9    2    0.154409D-03
  1  1  1  1  1  3    2    2    2    7    9    3    0.161257D-03
  1  1  1  1  1  3    2    2    2    7    9    4    0.146179D-03
  1  1  1  1  1  3    2    2    2    7    9    5    0.156647D-03
  1  1  1  1  1  3    2    2    2    7    9    6    0.163630D-03
  1  1  1  1  1  3    2    2    2    7    9    7    0.150630D-03
  1  1  1  1  1  3    2    2    2    7    9    8    0.158929D-03
  1  1  1  1  1  3    2    2    2    7    9    9    0.137666D-03
  1  1  1  1  1  3    2    2    2    8    1    1    0.153438D-03
  1  1  1  1  1  3    2    2    2    8    1    2    0.167014D-03
  1  1  1  1  1  3    2    2    2    8    1    3    0.174420D-03
  1  1  1  1  1  3    2    2    2    8    1    4    0.158111D-03
  1  1  1  1  1  3    2    2    2    8    1    5    0.169434D-03
  1  1  1  1  1  3    2    2    2    8    1    6    0.176987D-03
  1  1  1  1  1  3    2    2    2    8    1    7    0.162926D-03
  1  1  1  1  1  3    2    2    2    8    1    8    0.171902D-03
  1  1  1  1  1  3    2    2    2    8    1    9    0.148903D-03
  1  1  1  1  1  3    2    2    2    8    2    1    0.166145D-03
  1  1  1  1  1  3    2    2    2    8    2    2    0.180846D-03
  1  1  1  1  1  3    2    2    2    8    2    3    0.188865D-03
  1  1  1  1  1  3    2    2    2    8    2    4    0.171205D-03
  1  1  1  1  1  3    2    2    2    8    2    5    0.183466D-03
  1  1  1  1  1  3    2    2    2    8    2    6    0.191645D-03
  1  1  1  1  1  3    2    2    2    8    2    7    0.176419D-03
  1  1  1  1  1  3    2    2    2    8    2    8    0.186139D-03
  1  1  1  1  1  3    2    2    2    8    2    9    0.161235D-03
  1  1  1  1  1  3    2    2    2    8    3    1    0.173526D-03
  1  1  1  1  1  3    2    2    2    8    3    2    0.188879D-03
  1  1  1  1  1  3    2    2    2    8    3    3    0.197255D-03
  1  1  1  1  1  3    2    2    2    8    3    4    0.178811D-03
  1  1  1  1  1  3    2    2    2    8    3    5    0.191616D-03
  1  1  1  1  1  3    2    2    2    8    3    6    0.200158D-03
  1  1  1  1  1  3    2    2    2    8    3    7    0.184256D-03
  1  1  1  1  1  3    2    2    2    8    3    8    0.194408D-03
  1  1  1  1  1  3    2    2    2    8    3    9    0.168398D-03
  1  1  1  1  1  3    2    2    2    8    4    1    0.158111D-03
  1  1  1  1  1  3    2    2    2    8    4    2    0.172100D-03
  1  1  1  1  1  3    2    2    2    8    4    3    0.179732D-03
  1  1  1  1  1  3    2    2    2    8    4    4    0.162926D-03
  1  1  1  1  1  3    2    2    2    8    4    5    0.174594D-03
  1  1  1  1  1  3    2    2    2    8    4    6    0.182377D-03
  1  1  1  1  1  3    2    2    2    8    4    7    0.167888D-03
  1  1  1  1  1  3    2    2    2    8    4    8    0.177138D-03
  1  1  1  1  1  3    2    2    2    8    4    9    0.153438D-03
  1  1  1  1  1  3    2    2    2    8    5    1    0.168557D-03
  1  1  1  1  1  3    2    2    2    8    5    2    0.183471D-03
  1  1  1  1  1  3    2    2    2    8    5    3    0.191607D-03
  1  1  1  1  1  3    2    2    2    8    5    4    0.173691D-03
  1  1  1  1  1  3    2    2    2    8    5    5    0.186130D-03
  1  1  1  1  1  3    2    2    2    8    5    6    0.194427D-03
  1  1  1  1  1  3    2    2    2    8    5    7    0.178980D-03
  1  1  1  1  1  3    2    2    2    8    5    8    0.188841D-03
  1  1  1  1  1  3    2    2    2    8    5    9    0.163576D-03
  1  1  1  1  1  3    2    2    2    8    6    1    0.144502D-03
  1  1  1  1  1  3    2    2    2    8    6    2    0.157288D-03
  1  1  1  1  1  3    2    2    2    8    6    3    0.164262D-03
  1  1  1  1  1  3    2    2    2    8    6    4    0.148903D-03
  1  1  1  1  1  3    2    2    2    8    6    5    0.159567D-03
  1  1  1  1  1  3    2    2    2    8    6    6    0.166680D-03
  1  1  1  1  1  3    2    2    2    8    6    7    0.153438D-03
  1  1  1  1  1  3    2    2    2    8    6    8    0.161892D-03
  1  1  1  1  1  3    2    2    2    8    6    9    0.140232D-03
  1  1  1  1  1  3    2    2    2    8    7    1    0.162926D-03
  1  1  1  1  1  3    2    2    2    8    7    2    0.177341D-03
  1  1  1  1  1  3    2    2    2    8    7    3    0.185205D-03
  1  1  1  1  1  3    2    2    2    8    7    4    0.167888D-03
  1  1  1  1  1  3    2    2    2    8    7    5    0.179911D-03
  1  1  1  1  1  3    2    2    2    8    7    6    0.187931D-03
  1  1  1  1  1  3    2    2    2    8    7    7    0.173001D-03
  1  1  1  1  1  3    2    2    2    8    7    8    0.182532D-03
  1  1  1  1  1  3    2    2    2    8    7    9    0.158111D-03
  1  1  1  1  1  3    2    2    2    8    8    1    0.171017D-03
  1  1  1  1  1  3    2    2    2    8    8    2    0.186148D-03
  1  1  1  1  1  3    2    2    2    8    8    3    0.194403D-03
  1  1  1  1  1  3    2    2    2    8    8    4    0.176226D-03
  1  1  1  1  1  3    2    2    2    8    8    5    0.188846D-03
  1  1  1  1  1  3    2    2    2    8    8    6    0.197265D-03
  1  1  1  1  1  3    2    2    2    8    8    7    0.181592D-03
  1  1  1  1  1  3    2    2    2    8    8    8    0.191597D-03
  1  1  1  1  1  3    2    2    2    8    8    9    0.165963D-03
  1  1  1  1  1  3    2    2    2    8    9    1    0.148903D-03
  1  1  1  1  1  3    2    2    2    8    9    2    0.162078D-03
  1  1  1  1  1  3    2    2    2    8    9    3    0.169265D-03
  1  1  1  1  1  3    2    2    2    8    9    4    0.153438D-03
  1  1  1  1  1  3    2    2    2    8    9    5    0.164427D-03
  1  1  1  1  1  3    2    2    2    8    9    6    0.171756D-03
  1  1  1  1  1  3    2    2    2    8    9    7    0.158111D-03
  1  1  1  1  1  3    2    2    2    8    9    8    0.166822D-03
  1  1  1  1  1  3    2    2    2    8    9    9    0.144502D-03
  1  1  1  1  1  3    2    2    2    9    1    1    0.133597D-03
  1  1  1  1  1  3    2    2    2    9    1    2    0.145417D-03
  1  1  1  1  1  3    2    2    2    9    1    3    0.151866D-03
  1  1  1  1  1  3    2    2    2    9    1    4    0.137666D-03
  1  1  1  1  1  3    2    2    2    9    1    5    0.147525D-03
  1  1  1  1  1  3    2    2    2    9    1    6    0.154101D-03
  1  1  1  1  1  3    2    2    2    9    1    7    0.141858D-03
  1  1  1  1  1  3    2    2    2    9    1    8    0.149674D-03
  1  1  1  1  1  3    2    2    2    9    1    9    0.129649D-03
  1  1  1  1  1  3    2    2    2    9    2    1    0.144661D-03
  1  1  1  1  1  3    2    2    2    9    2    2    0.157461D-03
  1  1  1  1  1  3    2    2    2    9    2    3    0.164443D-03
  1  1  1  1  1  3    2    2    2    9    2    4    0.149067D-03
  1  1  1  1  1  3    2    2    2    9    2    5    0.159743D-03
  1  1  1  1  1  3    2    2    2    9    2    6    0.166864D-03
  1  1  1  1  1  3    2    2    2    9    2    7    0.153607D-03
  1  1  1  1  1  3    2    2    2    9    2    8    0.162070D-03
  1  1  1  1  1  3    2    2    2    9    2    9    0.140386D-03
  1  1  1  1  1  3    2    2    2    9    3    1    0.151088D-03
  1  1  1  1  1  3    2    2    2    9    3    2    0.164455D-03
  1  1  1  1  1  3    2    2    2    9    3    3    0.171748D-03
  1  1  1  1  1  3    2    2    2    9    3    4    0.155689D-03
  1  1  1  1  1  3    2    2    2    9    3    5    0.166839D-03
  1  1  1  1  1  3    2    2    2    9    3    6    0.174276D-03
  1  1  1  1  1  3    2    2    2    9    3    7    0.160430D-03
  1  1  1  1  1  3    2    2    2    9    3    8    0.169269D-03
  1  1  1  1  1  3    2    2    2    9    3    9    0.146622D-03
  1  1  1  1  1  3    2    2    2    9    4    1    0.137666D-03
  1  1  1  1  1  3    2    2    2    9    4    2    0.149846D-03
  1  1  1  1  1  3    2    2    2    9    4    3    0.156491D-03
  1  1  1  1  1  3    2    2    2    9    4    4    0.141858D-03
  1  1  1  1  1  3    2    2    2    9    4    5    0.152018D-03
  1  1  1  1  1  3    2    2    2    9    4    6    0.158794D-03
  1  1  1  1  1  3    2    2    2    9    4    7    0.146179D-03
  1  1  1  1  1  3    2    2    2    9    4    8    0.154232D-03
  1  1  1  1  1  3    2    2    2    9    4    9    0.133597D-03
  1  1  1  1  1  3    2    2    2    9    5    1    0.146761D-03
  1  1  1  1  1  3    2    2    2    9    5    2    0.159746D-03
  1  1  1  1  1  3    2    2    2    9    5    3    0.166830D-03
  1  1  1  1  1  3    2    2    2    9    5    4    0.151231D-03
  1  1  1  1  1  3    2    2    2    9    5    5    0.162062D-03
  1  1  1  1  1  3    2    2    2    9    5    6    0.169286D-03
  1  1  1  1  1  3    2    2    2    9    5    7    0.155837D-03
  1  1  1  1  1  3    2    2    2    9    5    8    0.164422D-03
  1  1  1  1  1  3    2    2    2    9    5    9    0.142424D-03
  1  1  1  1  1  3    2    2    2    9    6    1    0.125817D-03
  1  1  1  1  1  3    2    2    2    9    6    2    0.136949D-03
  1  1  1  1  1  3    2    2    2    9    6    3    0.143022D-03
  1  1  1  1  1  3    2    2    2    9    6    4    0.129649D-03
  1  1  1  1  1  3    2    2    2    9    6    5    0.138934D-03
  1  1  1  1  1  3    2    2    2    9    6    6    0.145127D-03
  1  1  1  1  1  3    2    2    2    9    6    7    0.133597D-03
  1  1  1  1  1  3    2    2    2    9    6    8    0.140958D-03
  1  1  1  1  1  3    2    2    2    9    6    9    0.122099D-03
  1  1  1  1  1  3    2    2    2    9    7    1    0.141858D-03
  1  1  1  1  1  3    2    2    2    9    7    2    0.154409D-03
  1  1  1  1  1  3    2    2    2    9    7    3    0.161257D-03
  1  1  1  1  1  3    2    2    2    9    7    4    0.146179D-03
  1  1  1  1  1  3    2    2    2    9    7    5    0.156647D-03
  1  1  1  1  1  3    2    2    2    9    7    6    0.163630D-03
  1  1  1  1  1  3    2    2    2    9    7    7    0.150630D-03
  1  1  1  1  1  3    2    2    2    9    7    8    0.158929D-03
  1  1  1  1  1  3    2    2    2    9    7    9    0.137666D-03
  1  1  1  1  1  3    2    2    2    9    8    1    0.148903D-03
  1  1  1  1  1  3    2    2    2    9    8    2    0.162078D-03
  1  1  1  1  1  3    2    2    2    9    8    3    0.169265D-03
  1  1  1  1  1  3    2    2    2    9    8    4    0.153438D-03
  1  1  1  1  1  3    2    2    2    9    8    5    0.164427D-03
  1  1  1  1  1  3    2    2    2    9    8    6    0.171756D-03
  1  1  1  1  1  3    2    2    2    9    8    7    0.158111D-03
  1  1  1  1  1  3    2    2    2    9    8    8    0.166822D-03
  1  1  1  1  1  3    2    2    2    9    8    9    0.144502D-03
  1  1  1  1  1  3    2    2    2    9    9    1    0.129649D-03
  1  1  1  1  1  3    2    2    2    9    9    2    0.141120D-03
  1  1  1  1  1  3    2    2    2    9    9    3    0.147377D-03
  1  1  1  1  1  3    2    2    2    9    9    4    0.133597D-03
  1  1  1  1  1  3    2    2    2    9    9    5    0.143165D-03
  1  1  1  1  1  3    2    2    2    9    9    6    0.149547D-03
  1  1  1  1  1  3    2    2    2    9    9    7    0.137666D-03
  1  1  1  1  1  3    2    2    2    9    9    8    0.145250D-03
  1  1  1  1  1  3    2    2    2    9    9    9    0.125817D-03
  1  1  1  1  1  3    1    1    1    1    1    1    0.228468D-03
  1  1  1  1  1  3    1    1    1    1    1    2    0.231883D-03
  1  1  1  1  1  3    1    1    1    1    1    3    0.222843D-03
  1  1  1  1  1  3    1    1    1    1    2    1    0.217355D-03
  1  1  1  1  1  3    1    1    1    1    2    2    0.220604D-03
  1  1  1  1  1  3    1    1    1    1    2    3    0.212003D-03
  1  1  1  1  1  3    1    1    1    1    3    1    0.223974D-03
  1  1  1  1  1  3    1    1    1    1    3    2    0.227322D-03
  1  1  1  1  1  3    1    1    1    1    3    3    0.218460D-03
  1  1  1  1  1  3    1    1    1    2    1    1    0.217355D-03
  1  1  1  1  1  3    1    1    1    2    1    2    0.220604D-03
  1  1  1  1  1  3    1    1    1    2    1    3    0.212003D-03
  1  1  1  1  1  3    1    1    1    2    2    1    0.206782D-03
  1  1  1  1  1  3    1    1    1    2    2    2    0.209873D-03
  1  1  1  1  1  3    1    1    1    2    2    3    0.201690D-03
  1  1  1  1  1  3    1    1    1    2    3    1    0.213079D-03
  1  1  1  1  1  3    1    1    1    2    3    2    0.216264D-03
  1  1  1  1  1  3    1    1    1    2    3    3    0.207833D-03
  1  1  1  1  1  3    1    1    1    3    1    1    0.223974D-03
  1  1  1  1  1  3    1    1    1    3    1    2    0.227322D-03
  1  1  1  1  1  3    1    1    1    3    1    3    0.218460D-03
  1  1  1  1  1  3    1    1    1    3    2    1    0.213079D-03
  1  1  1  1  1  3    1    1    1    3    2    2    0.216264D-03
  1  1  1  1  1  3    1    1    1    3    2    3    0.207833D-03
  1  1  1  1  1  3    1    1    1    3    3    1    0.219568D-03
  1  1  1  1  1  3    1    1    1    3    3    2    0.222850D-03
  1  1  1  1  1  3    1    1    1    3    3    3    0.214162D-03
  1  1  1  1  1  3    0    0    0    1    1    1    0.240042D-03
