  1  1  1  3  1  3    2    2    2    1    1    1    0.136296D-03
  1  1  1  3  1  3    2    2    2    1    1    2    0.148355D-03
  1  1  1  3  1  3    2    2    2    1    1    3    0.154934D-03
  1  1  1  3  1  3    2    2    2    1    1    4    0.140447D-03
  1  1  1  3  1  3    2    2    2    1    1    5    0.150505D-03
  1  1  1  3  1  3    2    2    2    1    1    6    0.157214D-03
  1  1  1  3  1  3    2    2    2    1    1    7    0.144724D-03
  1  1  1  3  1  3    2    2    2    1    1    8    0.152698D-03
  1  1  1  3  1  3    2    2    2    1    1    9    0.132268D-03
  1  1  1  3  1  3    2    2    2    1    2    1    0.147584D-03
  1  1  1  3  1  3    2    2    2    1    2    2    0.160641D-03
  1  1  1  3  1  3    2    2    2    1    2    3    0.167765D-03
  1  1  1  3  1  3    2    2    2    1    2    4    0.152078D-03
  1  1  1  3  1  3    2    2    2    1    2    5    0.162970D-03
  1  1  1  3  1  3    2    2    2    1    2    6    0.170234D-03
  1  1  1  3  1  3    2    2    2    1    2    7    0.156710D-03
  1  1  1  3  1  3    2    2    2    1    2    8    0.165344D-03
  1  1  1  3  1  3    2    2    2    1    2    9    0.143222D-03
  1  1  1  3  1  3    2    2    2    1    3    1    0.154140D-03
  1  1  1  3  1  3    2    2    2    1    3    2    0.167778D-03
  1  1  1  3  1  3    2    2    2    1    3    3    0.175217D-03
  1  1  1  3  1  3    2    2    2    1    3    4    0.158834D-03
  1  1  1  3  1  3    2    2    2    1    3    5    0.170209D-03
  1  1  1  3  1  3    2    2    2    1    3    6    0.177797D-03
  1  1  1  3  1  3    2    2    2    1    3    7    0.163671D-03
  1  1  1  3  1  3    2    2    2    1    3    8    0.172689D-03
  1  1  1  3  1  3    2    2    2    1    3    9    0.149584D-03
  1  1  1  3  1  3    2    2    2    1    4    1    0.140447D-03
  1  1  1  3  1  3    2    2    2    1    4    2    0.152873D-03
  1  1  1  3  1  3    2    2    2    1    4    3    0.159652D-03
  1  1  1  3  1  3    2    2    2    1    4    4    0.144724D-03
  1  1  1  3  1  3    2    2    2    1    4    5    0.155089D-03
  1  1  1  3  1  3    2    2    2    1    4    6    0.162002D-03
  1  1  1  3  1  3    2    2    2    1    4    7    0.149132D-03
  1  1  1  3  1  3    2    2    2    1    4    8    0.157348D-03
  1  1  1  3  1  3    2    2    2    1    4    9    0.136296D-03
  1  1  1  3  1  3    2    2    2    1    5    1    0.149726D-03
  1  1  1  3  1  3    2    2    2    1    5    2    0.162974D-03
  1  1  1  3  1  3    2    2    2    1    5    3    0.170200D-03
  1  1  1  3  1  3    2    2    2    1    5    4    0.154286D-03
  1  1  1  3  1  3    2    2    2    1    5    5    0.165335D-03
  1  1  1  3  1  3    2    2    2    1    5    6    0.172706D-03
  1  1  1  3  1  3    2    2    2    1    5    7    0.158985D-03
  1  1  1  3  1  3    2    2    2    1    5    8    0.167744D-03
  1  1  1  3  1  3    2    2    2    1    5    9    0.145301D-03
  1  1  1  3  1  3    2    2    2    1    6    1    0.128359D-03
  1  1  1  3  1  3    2    2    2    1    6    2    0.139715D-03
  1  1  1  3  1  3    2    2    2    1    6    3    0.145911D-03
  1  1  1  3  1  3    2    2    2    1    6    4    0.132268D-03
  1  1  1  3  1  3    2    2    2    1    6    5    0.141740D-03
  1  1  1  3  1  3    2    2    2    1    6    6    0.148059D-03
  1  1  1  3  1  3    2    2    2    1    6    7    0.136296D-03
  1  1  1  3  1  3    2    2    2    1    6    8    0.143805D-03
  1  1  1  3  1  3    2    2    2    1    6    9    0.124565D-03
  1  1  1  3  1  3    2    2    2    1    7    1    0.144724D-03
  1  1  1  3  1  3    2    2    2    1    7    2    0.157529D-03
  1  1  1  3  1  3    2    2    2    1    7    3    0.164514D-03
  1  1  1  3  1  3    2    2    2    1    7    4    0.149132D-03
  1  1  1  3  1  3    2    2    2    1    7    5    0.159812D-03
  1  1  1  3  1  3    2    2    2    1    7    6    0.166936D-03
  1  1  1  3  1  3    2    2    2    1    7    7    0.153673D-03
  1  1  1  3  1  3    2    2    2    1    7    8    0.162140D-03
  1  1  1  3  1  3    2    2    2    1    7    9    0.140447D-03
  1  1  1  3  1  3    2    2    2    1    8    1    0.151911D-03
  1  1  1  3  1  3    2    2    2    1    8    2    0.165352D-03
  1  1  1  3  1  3    2    2    2    1    8    3    0.172684D-03
  1  1  1  3  1  3    2    2    2    1    8    4    0.156538D-03
  1  1  1  3  1  3    2    2    2    1    8    5    0.167748D-03
  1  1  1  3  1  3    2    2    2    1    8    6    0.175226D-03
  1  1  1  3  1  3    2    2    2    1    8    7    0.161305D-03
  1  1  1  3  1  3    2    2    2    1    8    8    0.170192D-03
  1  1  1  3  1  3    2    2    2    1    8    9    0.147422D-03
  1  1  1  3  1  3    2    2    2    1    9    1    0.132268D-03
  1  1  1  3  1  3    2    2    2    1    9    2    0.143970D-03
  1  1  1  3  1  3    2    2    2    1    9    3    0.150355D-03
  1  1  1  3  1  3    2    2    2    1    9    4    0.136296D-03
  1  1  1  3  1  3    2    2    2    1    9    5    0.146057D-03
  1  1  1  3  1  3    2    2    2    1    9    6    0.152568D-03
  1  1  1  3  1  3    2    2    2    1    9    7    0.140447D-03
  1  1  1  3  1  3    2    2    2    1    9    8    0.148185D-03
  1  1  1  3  1  3    2    2    2    1    9    9    0.128359D-03
  1  1  1  3  1  3    2    2    2    2    1    1    0.148355D-03
  1  1  1  3  1  3    2    2    2    2    1    2    0.161481D-03
  1  1  1  3  1  3    2    2    2    2    1    3    0.168642D-03
  1  1  1  3  1  3    2    2    2    2    1    4    0.152873D-03
  1  1  1  3  1  3    2    2    2    2    1    5    0.163821D-03
  1  1  1  3  1  3    2    2    2    2    1    6    0.171124D-03
  1  1  1  3  1  3    2    2    2    2    1    7    0.157529D-03
  1  1  1  3  1  3    2    2    2    2    1    8    0.166208D-03
  1  1  1  3  1  3    2    2    2    2    1    9    0.143970D-03
  1  1  1  3  1  3    2    2    2    2    2    1    0.160641D-03
  1  1  1  3  1  3    2    2    2    2    2    2    0.174855D-03
  1  1  1  3  1  3    2    2    2    2    2    3    0.182608D-03
  1  1  1  3  1  3    2    2    2    2    2    4    0.165534D-03
  1  1  1  3  1  3    2    2    2    2    2    5    0.177389D-03
  1  1  1  3  1  3    2    2    2    2    2    6    0.185296D-03
  1  1  1  3  1  3    2    2    2    2    2    7    0.170575D-03
  1  1  1  3  1  3    2    2    2    2    2    8    0.179973D-03
  1  1  1  3  1  3    2    2    2    2    2    9    0.155894D-03
  1  1  1  3  1  3    2    2    2    2    3    1    0.167778D-03
  1  1  1  3  1  3    2    2    2    2    3    2    0.182622D-03
  1  1  1  3  1  3    2    2    2    2    3    3    0.190720D-03
  1  1  1  3  1  3    2    2    2    2    3    4    0.172887D-03
  1  1  1  3  1  3    2    2    2    2    3    5    0.185269D-03
  1  1  1  3  1  3    2    2    2    2    3    6    0.193527D-03
  1  1  1  3  1  3    2    2    2    2    3    7    0.178152D-03
  1  1  1  3  1  3    2    2    2    2    3    8    0.187968D-03
  1  1  1  3  1  3    2    2    2    2    3    9    0.162819D-03
  1  1  1  3  1  3    2    2    2    2    4    1    0.152873D-03
  1  1  1  3  1  3    2    2    2    2    4    2    0.166399D-03
  1  1  1  3  1  3    2    2    2    2    4    3    0.173778D-03
  1  1  1  3  1  3    2    2    2    2    4    4    0.157529D-03
  1  1  1  3  1  3    2    2    2    2    4    5    0.168810D-03
  1  1  1  3  1  3    2    2    2    2    4    6    0.176336D-03
  1  1  1  3  1  3    2    2    2    2    4    7    0.162326D-03
  1  1  1  3  1  3    2    2    2    2    4    8    0.171270D-03
  1  1  1  3  1  3    2    2    2    2    4    9    0.148355D-03
  1  1  1  3  1  3    2    2    2    2    5    1    0.162974D-03
  1  1  1  3  1  3    2    2    2    2    5    2    0.177393D-03
  1  1  1  3  1  3    2    2    2    2    5    3    0.185259D-03
  1  1  1  3  1  3    2    2    2    2    5    4    0.167937D-03
  1  1  1  3  1  3    2    2    2    2    5    5    0.179964D-03
  1  1  1  3  1  3    2    2    2    2    5    6    0.187986D-03
  1  1  1  3  1  3    2    2    2    2    5    7    0.173051D-03
  1  1  1  3  1  3    2    2    2    2    5    8    0.182586D-03
  1  1  1  3  1  3    2    2    2    2    5    9    0.158157D-03
  1  1  1  3  1  3    2    2    2    2    6    1    0.139715D-03
  1  1  1  3  1  3    2    2    2    2    6    2    0.152077D-03
  1  1  1  3  1  3    2    2    2    2    6    3    0.158821D-03
  1  1  1  3  1  3    2    2    2    2    6    4    0.143970D-03
  1  1  1  3  1  3    2    2    2    2    6    5    0.154281D-03
  1  1  1  3  1  3    2    2    2    2    6    6    0.161159D-03
  1  1  1  3  1  3    2    2    2    2    6    7    0.148355D-03
  1  1  1  3  1  3    2    2    2    2    6    8    0.156529D-03
  1  1  1  3  1  3    2    2    2    2    6    9    0.135586D-03
  1  1  1  3  1  3    2    2    2    2    7    1    0.157529D-03
  1  1  1  3  1  3    2    2    2    2    7    2    0.171466D-03
  1  1  1  3  1  3    2    2    2    2    7    3    0.179070D-03
  1  1  1  3  1  3    2    2    2    2    7    4    0.162326D-03
  1  1  1  3  1  3    2    2    2    2    7    5    0.173951D-03
  1  1  1  3  1  3    2    2    2    2    7    6    0.181706D-03
  1  1  1  3  1  3    2    2    2    2    7    7    0.167270D-03
  1  1  1  3  1  3    2    2    2    2    7    8    0.176485D-03
  1  1  1  3  1  3    2    2    2    2    7    9    0.152873D-03
  1  1  1  3  1  3    2    2    2    2    8    1    0.165352D-03
  1  1  1  3  1  3    2    2    2    2    8    2    0.179982D-03
  1  1  1  3  1  3    2    2    2    2    8    3    0.187963D-03
  1  1  1  3  1  3    2    2    2    2    8    4    0.170388D-03
  1  1  1  3  1  3    2    2    2    2    8    5    0.182590D-03
  1  1  1  3  1  3    2    2    2    2    8    6    0.190730D-03
  1  1  1  3  1  3    2    2    2    2    8    7    0.175577D-03
  1  1  1  3  1  3    2    2    2    2    8    8    0.185250D-03
  1  1  1  3  1  3    2    2    2    2    8    9    0.160465D-03
  1  1  1  3  1  3    2    2    2    2    9    1    0.143970D-03
  1  1  1  3  1  3    2    2    2    2    9    2    0.156708D-03
  1  1  1  3  1  3    2    2    2    2    9    3    0.163658D-03
  1  1  1  3  1  3    2    2    2    2    9    4    0.148355D-03
  1  1  1  3  1  3    2    2    2    2    9    5    0.158980D-03
  1  1  1  3  1  3    2    2    2    2    9    6    0.166067D-03
  1  1  1  3  1  3    2    2    2    2    9    7    0.152873D-03
  1  1  1  3  1  3    2    2    2    2    9    8    0.161296D-03
  1  1  1  3  1  3    2    2    2    2    9    9    0.139715D-03
  1  1  1  3  1  3    2    2    2    3    1    1    0.154934D-03
  1  1  1  3  1  3    2    2    2    3    1    2    0.168642D-03
  1  1  1  3  1  3    2    2    2    3    1    3    0.176120D-03
  1  1  1  3  1  3    2    2    2    3    1    4    0.159652D-03
  1  1  1  3  1  3    2    2    2    3    1    5    0.171086D-03
  1  1  1  3  1  3    2    2    2    3    1    6    0.178712D-03
  1  1  1  3  1  3    2    2    2    3    1    7    0.164514D-03
  1  1  1  3  1  3    2    2    2    3    1    8    0.173578D-03
  1  1  1  3  1  3    2    2    2    3    1    9    0.150355D-03
  1  1  1  3  1  3    2    2    2    3    2    1    0.167765D-03
  1  1  1  3  1  3    2    2    2    3    2    2    0.182608D-03
  1  1  1  3  1  3    2    2    2    3    2    3    0.190706D-03
  1  1  1  3  1  3    2    2    2    3    2    4    0.172874D-03
  1  1  1  3  1  3    2    2    2    3    2    5    0.185255D-03
  1  1  1  3  1  3    2    2    2    3    2    6    0.193513D-03
  1  1  1  3  1  3    2    2    2    3    2    7    0.178139D-03
  1  1  1  3  1  3    2    2    2    3    2    8    0.187953D-03
  1  1  1  3  1  3    2    2    2    3    2    9    0.162807D-03
  1  1  1  3  1  3    2    2    2    3    3    1    0.175217D-03
  1  1  1  3  1  3    2    2    2    3    3    2    0.190720D-03
  1  1  1  3  1  3    2    2    2    3    3    3    0.199177D-03
  1  1  1  3  1  3    2    2    2    3    3    4    0.180554D-03
  1  1  1  3  1  3    2    2    2    3    3    5    0.193484D-03
  1  1  1  3  1  3    2    2    2    3    3    6    0.202109D-03
  1  1  1  3  1  3    2    2    2    3    3    7    0.186052D-03
  1  1  1  3  1  3    2    2    2    3    3    8    0.196303D-03
  1  1  1  3  1  3    2    2    2    3    3    9    0.170039D-03
  1  1  1  3  1  3    2    2    2    3    4    1    0.159652D-03
  1  1  1  3  1  3    2    2    2    3    4    2    0.173778D-03
  1  1  1  3  1  3    2    2    2    3    4    3    0.181484D-03
  1  1  1  3  1  3    2    2    2    3    4    4    0.164514D-03
  1  1  1  3  1  3    2    2    2    3    4    5    0.176296D-03
  1  1  1  3  1  3    2    2    2    3    4    6    0.184155D-03
  1  1  1  3  1  3    2    2    2    3    4    7    0.169524D-03
  1  1  1  3  1  3    2    2    2    3    4    8    0.178864D-03
  1  1  1  3  1  3    2    2    2    3    4    9    0.154934D-03
  1  1  1  3  1  3    2    2    2    3    5    1    0.170200D-03
  1  1  1  3  1  3    2    2    2    3    5    2    0.185259D-03
  1  1  1  3  1  3    2    2    2    3    5    3    0.193474D-03
  1  1  1  3  1  3    2    2    2    3    5    4    0.175384D-03
  1  1  1  3  1  3    2    2    2    3    5    5    0.187944D-03
  1  1  1  3  1  3    2    2    2    3    5    6    0.196322D-03
  1  1  1  3  1  3    2    2    2    3    5    7    0.180725D-03
  1  1  1  3  1  3    2    2    2    3    5    8    0.190682D-03
  1  1  1  3  1  3    2    2    2    3    5    9    0.165170D-03
  1  1  1  3  1  3    2    2    2    3    6    1    0.145911D-03
  1  1  1  3  1  3    2    2    2    3    6    2    0.158821D-03
  1  1  1  3  1  3    2    2    2    3    6    3    0.165863D-03
  1  1  1  3  1  3    2    2    2    3    6    4    0.150355D-03
  1  1  1  3  1  3    2    2    2    3    6    5    0.161122D-03
  1  1  1  3  1  3    2    2    2    3    6    6    0.168305D-03
  1  1  1  3  1  3    2    2    2    3    6    7    0.154934D-03
  1  1  1  3  1  3    2    2    2    3    6    8    0.163470D-03
  1  1  1  3  1  3    2    2    2    3    6    9    0.141599D-03
  1  1  1  3  1  3    2    2    2    3    7    1    0.164514D-03
  1  1  1  3  1  3    2    2    2    3    7    2    0.179070D-03
  1  1  1  3  1  3    2    2    2    3    7    3    0.187011D-03
  1  1  1  3  1  3    2    2    2    3    7    4    0.169524D-03
  1  1  1  3  1  3    2    2    2    3    7    5    0.181665D-03
  1  1  1  3  1  3    2    2    2    3    7    6    0.189763D-03
  1  1  1  3  1  3    2    2    2    3    7    7    0.174687D-03
  1  1  1  3  1  3    2    2    2    3    7    8    0.184311D-03
  1  1  1  3  1  3    2    2    2    3    7    9    0.159652D-03
  1  1  1  3  1  3    2    2    2    3    8    1    0.172684D-03
  1  1  1  3  1  3    2    2    2    3    8    2    0.187963D-03
  1  1  1  3  1  3    2    2    2    3    8    3    0.196298D-03
  1  1  1  3  1  3    2    2    2    3    8    4    0.177943D-03
  1  1  1  3  1  3    2    2    2    3    8    5    0.190687D-03
  1  1  1  3  1  3    2    2    2    3    8    6    0.199187D-03
  1  1  1  3  1  3    2    2    2    3    8    7    0.183362D-03
  1  1  1  3  1  3    2    2    2    3    8    8    0.193465D-03
  1  1  1  3  1  3    2    2    2    3    8    9    0.167581D-03
  1  1  1  3  1  3    2    2    2    3    9    1    0.150355D-03
  1  1  1  3  1  3    2    2    2    3    9    2    0.163658D-03
  1  1  1  3  1  3    2    2    2    3    9    3    0.170915D-03
  1  1  1  3  1  3    2    2    2    3    9    4    0.154934D-03
  1  1  1  3  1  3    2    2    2    3    9    5    0.166029D-03
  1  1  1  3  1  3    2    2    2    3    9    6    0.173431D-03
  1  1  1  3  1  3    2    2    2    3    9    7    0.159652D-03
  1  1  1  3  1  3    2    2    2    3    9    8    0.168448D-03
  1  1  1  3  1  3    2    2    2    3    9    9    0.145911D-03
  1  1  1  3  1  3    2    2    2    4    1    1    0.140447D-03
  1  1  1  3  1  3    2    2    2    4    1    2    0.152873D-03
  1  1  1  3  1  3    2    2    2    4    1    3    0.159652D-03
  1  1  1  3  1  3    2    2    2    4    1    4    0.144724D-03
  1  1  1  3  1  3    2    2    2    4    1    5    0.155089D-03
  1  1  1  3  1  3    2    2    2    4    1    6    0.162002D-03
  1  1  1  3  1  3    2    2    2    4    1    7    0.149132D-03
  1  1  1  3  1  3    2    2    2    4    1    8    0.157348D-03
  1  1  1  3  1  3    2    2    2    4    1    9    0.136296D-03
  1  1  1  3  1  3    2    2    2    4    2    1    0.152078D-03
  1  1  1  3  1  3    2    2    2    4    2    2    0.165534D-03
  1  1  1  3  1  3    2    2    2    4    2    3    0.172874D-03
  1  1  1  3  1  3    2    2    2    4    2    4    0.156710D-03
  1  1  1  3  1  3    2    2    2    4    2    5    0.167933D-03
  1  1  1  3  1  3    2    2    2    4    2    6    0.175419D-03
  1  1  1  3  1  3    2    2    2    4    2    7    0.161482D-03
  1  1  1  3  1  3    2    2    2    4    2    8    0.170379D-03
  1  1  1  3  1  3    2    2    2    4    2    9    0.147584D-03
  1  1  1  3  1  3    2    2    2    4    3    1    0.158834D-03
  1  1  1  3  1  3    2    2    2    4    3    2    0.172887D-03
  1  1  1  3  1  3    2    2    2    4    3    3    0.180554D-03
  1  1  1  3  1  3    2    2    2    4    3    4    0.163671D-03
  1  1  1  3  1  3    2    2    2    4    3    5    0.175393D-03
  1  1  1  3  1  3    2    2    2    4    3    6    0.183211D-03
  1  1  1  3  1  3    2    2    2    4    3    7    0.168656D-03
  1  1  1  3  1  3    2    2    2    4    3    8    0.177948D-03
  1  1  1  3  1  3    2    2    2    4    3    9    0.154140D-03
  1  1  1  3  1  3    2    2    2    4    4    1    0.144724D-03
  1  1  1  3  1  3    2    2    2    4    4    2    0.157529D-03
  1  1  1  3  1  3    2    2    2    4    4    3    0.164514D-03
  1  1  1  3  1  3    2    2    2    4    4    4    0.149132D-03
  1  1  1  3  1  3    2    2    2    4    4    5    0.159812D-03
  1  1  1  3  1  3    2    2    2    4    4    6    0.166936D-03
  1  1  1  3  1  3    2    2    2    4    4    7    0.153673D-03
  1  1  1  3  1  3    2    2    2    4    4    8    0.162140D-03
  1  1  1  3  1  3    2    2    2    4    4    9    0.140447D-03
  1  1  1  3  1  3    2    2    2    4    5    1    0.154286D-03
  1  1  1  3  1  3    2    2    2    4    5    2    0.167937D-03
  1  1  1  3  1  3    2    2    2    4    5    3    0.175384D-03
  1  1  1  3  1  3    2    2    2    4    5    4    0.158985D-03
  1  1  1  3  1  3    2    2    2    4    5    5    0.170371D-03
  1  1  1  3  1  3    2    2    2    4    5    6    0.177965D-03
  1  1  1  3  1  3    2    2    2    4    5    7    0.163827D-03
  1  1  1  3  1  3    2    2    2    4    5    8    0.172853D-03
  1  1  1  3  1  3    2    2    2    4    5    9    0.149726D-03
  1  1  1  3  1  3    2    2    2    4    6    1    0.132268D-03
  1  1  1  3  1  3    2    2    2    4    6    2    0.143970D-03
  1  1  1  3  1  3    2    2    2    4    6    3    0.150355D-03
  1  1  1  3  1  3    2    2    2    4    6    4    0.136296D-03
  1  1  1  3  1  3    2    2    2    4    6    5    0.146057D-03
  1  1  1  3  1  3    2    2    2    4    6    6    0.152568D-03
  1  1  1  3  1  3    2    2    2    4    6    7    0.140447D-03
  1  1  1  3  1  3    2    2    2    4    6    8    0.148185D-03
  1  1  1  3  1  3    2    2    2    4    6    9    0.128359D-03
  1  1  1  3  1  3    2    2    2    4    7    1    0.149132D-03
  1  1  1  3  1  3    2    2    2    4    7    2    0.162326D-03
  1  1  1  3  1  3    2    2    2    4    7    3    0.169524D-03
  1  1  1  3  1  3    2    2    2    4    7    4    0.153673D-03
  1  1  1  3  1  3    2    2    2    4    7    5    0.164679D-03
  1  1  1  3  1  3    2    2    2    4    7    6    0.172020D-03
  1  1  1  3  1  3    2    2    2    4    7    7    0.158353D-03
  1  1  1  3  1  3    2    2    2    4    7    8    0.167078D-03
  1  1  1  3  1  3    2    2    2    4    7    9    0.144724D-03
  1  1  1  3  1  3    2    2    2    4    8    1    0.156538D-03
  1  1  1  3  1  3    2    2    2    4    8    2    0.170388D-03
  1  1  1  3  1  3    2    2    2    4    8    3    0.177943D-03
  1  1  1  3  1  3    2    2    2    4    8    4    0.161305D-03
  1  1  1  3  1  3    2    2    2    4    8    5    0.172857D-03
  1  1  1  3  1  3    2    2    2    4    8    6    0.180563D-03
  1  1  1  3  1  3    2    2    2    4    8    7    0.166217D-03
  1  1  1  3  1  3    2    2    2    4    8    8    0.175375D-03
  1  1  1  3  1  3    2    2    2    4    8    9    0.151911D-03
  1  1  1  3  1  3    2    2    2    4    9    1    0.136296D-03
  1  1  1  3  1  3    2    2    2    4    9    2    0.148355D-03
  1  1  1  3  1  3    2    2    2    4    9    3    0.154934D-03
  1  1  1  3  1  3    2    2    2    4    9    4    0.140447D-03
  1  1  1  3  1  3    2    2    2    4    9    5    0.150505D-03
  1  1  1  3  1  3    2    2    2    4    9    6    0.157214D-03
  1  1  1  3  1  3    2    2    2    4    9    7    0.144724D-03
  1  1  1  3  1  3    2    2    2    4    9    8    0.152698D-03
  1  1  1  3  1  3    2    2    2    4    9    9    0.132268D-03
  1  1  1  3  1  3    2    2    2    5    1    1    0.150505D-03
  1  1  1  3  1  3    2    2    2    5    1    2    0.163821D-03
  1  1  1  3  1  3    2    2    2    5    1    3    0.171086D-03
  1  1  1  3  1  3    2    2    2    5    1    4    0.155089D-03
  1  1  1  3  1  3    2    2    2    5    1    5    0.166195D-03
  1  1  1  3  1  3    2    2    2    5    1    6    0.173604D-03
  1  1  1  3  1  3    2    2    2    5    1    7    0.159812D-03
  1  1  1  3  1  3    2    2    2    5    1    8    0.168616D-03
  1  1  1  3  1  3    2    2    2    5    1    9    0.146057D-03
  1  1  1  3  1  3    2    2    2    5    2    1    0.162970D-03
  1  1  1  3  1  3    2    2    2    5    2    2    0.177389D-03
  1  1  1  3  1  3    2    2    2    5    2    3    0.185255D-03
  1  1  1  3  1  3    2    2    2    5    2    4    0.167933D-03
  1  1  1  3  1  3    2    2    2    5    2    5    0.179959D-03
  1  1  1  3  1  3    2    2    2    5    2    6    0.187982D-03
  1  1  1  3  1  3    2    2    2    5    2    7    0.173047D-03
  1  1  1  3  1  3    2    2    2    5    2    8    0.182581D-03
  1  1  1  3  1  3    2    2    2    5    2    9    0.158153D-03
  1  1  1  3  1  3    2    2    2    5    3    1    0.170209D-03
  1  1  1  3  1  3    2    2    2    5    3    2    0.185269D-03
  1  1  1  3  1  3    2    2    2    5    3    3    0.193484D-03
  1  1  1  3  1  3    2    2    2    5    3    4    0.175393D-03
  1  1  1  3  1  3    2    2    2    5    3    5    0.187953D-03
  1  1  1  3  1  3    2    2    2    5    3    6    0.196332D-03
  1  1  1  3  1  3    2    2    2    5    3    7    0.180734D-03
  1  1  1  3  1  3    2    2    2    5    3    8    0.190692D-03
  1  1  1  3  1  3    2    2    2    5    3    9    0.165179D-03
  1  1  1  3  1  3    2    2    2    5    4    1    0.155089D-03
  1  1  1  3  1  3    2    2    2    5    4    2    0.168810D-03
  1  1  1  3  1  3    2    2    2    5    4    3    0.176296D-03
  1  1  1  3  1  3    2    2    2    5    4    4    0.159812D-03
  1  1  1  3  1  3    2    2    2    5    4    5    0.171257D-03
  1  1  1  3  1  3    2    2    2    5    4    6    0.178891D-03
  1  1  1  3  1  3    2    2    2    5    4    7    0.164679D-03
  1  1  1  3  1  3    2    2    2    5    4    8    0.173752D-03
  1  1  1  3  1  3    2    2    2    5    4    9    0.150505D-03
  1  1  1  3  1  3    2    2    2    5    5    1    0.165335D-03
  1  1  1  3  1  3    2    2    2    5    5    2    0.179964D-03
  1  1  1  3  1  3    2    2    2    5    5    3    0.187944D-03
  1  1  1  3  1  3    2    2    2    5    5    4    0.170371D-03
  1  1  1  3  1  3    2    2    2    5    5    5    0.182572D-03
  1  1  1  3  1  3    2    2    2    5    5    6    0.190711D-03
  1  1  1  3  1  3    2    2    2    5    5    7    0.175559D-03
  1  1  1  3  1  3    2    2    2    5    5    8    0.185232D-03
  1  1  1  3  1  3    2    2    2    5    5    9    0.160449D-03
  1  1  1  3  1  3    2    2    2    5    6    1    0.141740D-03
  1  1  1  3  1  3    2    2    2    5    6    2    0.154281D-03
  1  1  1  3  1  3    2    2    2    5    6    3    0.161122D-03
  1  1  1  3  1  3    2    2    2    5    6    4    0.146057D-03
  1  1  1  3  1  3    2    2    2    5    6    5    0.156517D-03
  1  1  1  3  1  3    2    2    2    5    6    6    0.163494D-03
  1  1  1  3  1  3    2    2    2    5    6    7    0.150505D-03
  1  1  1  3  1  3    2    2    2    5    6    8    0.158797D-03
  1  1  1  3  1  3    2    2    2    5    6    9    0.137551D-03
  1  1  1  3  1  3    2    2    2    5    7    1    0.159812D-03
  1  1  1  3  1  3    2    2    2    5    7    2    0.173951D-03
  1  1  1  3  1  3    2    2    2    5    7    3    0.181665D-03
  1  1  1  3  1  3    2    2    2    5    7    4    0.164679D-03
  1  1  1  3  1  3    2    2    2    5    7    5    0.176472D-03
  1  1  1  3  1  3    2    2    2    5    7    6    0.184339D-03
  1  1  1  3  1  3    2    2    2    5    7    7    0.169694D-03
  1  1  1  3  1  3    2    2    2    5    7    8    0.179043D-03
  1  1  1  3  1  3    2    2    2    5    7    9    0.155089D-03
  1  1  1  3  1  3    2    2    2    5    8    1    0.167748D-03
  1  1  1  3  1  3    2    2    2    5    8    2    0.182590D-03
  1  1  1  3  1  3    2    2    2    5    8    3    0.190687D-03
  1  1  1  3  1  3    2    2    2    5    8    4    0.172857D-03
  1  1  1  3  1  3    2    2    2    5    8    5    0.185236D-03
  1  1  1  3  1  3    2    2    2    5    8    6    0.193494D-03
  1  1  1  3  1  3    2    2    2    5    8    7    0.178121D-03
  1  1  1  3  1  3    2    2    2    5    8    8    0.187935D-03
  1  1  1  3  1  3    2    2    2    5    8    9    0.162791D-03
  1  1  1  3  1  3    2    2    2    5    9    1    0.146057D-03
  1  1  1  3  1  3    2    2    2    5    9    2    0.158980D-03
  1  1  1  3  1  3    2    2    2    5    9    3    0.166029D-03
  1  1  1  3  1  3    2    2    2    5    9    4    0.150505D-03
  1  1  1  3  1  3    2    2    2    5    9    5    0.161283D-03
  1  1  1  3  1  3    2    2    2    5    9    6    0.168473D-03
  1  1  1  3  1  3    2    2    2    5    9    7    0.155089D-03
  1  1  1  3  1  3    2    2    2    5    9    8    0.163633D-03
  1  1  1  3  1  3    2    2    2    5    9    9    0.141740D-03
  1  1  1  3  1  3    2    2    2    6    1    1    0.157214D-03
  1  1  1  3  1  3    2    2    2    6    1    2    0.171124D-03
  1  1  1  3  1  3    2    2    2    6    1    3    0.178712D-03
  1  1  1  3  1  3    2    2    2    6    1    4    0.162002D-03
  1  1  1  3  1  3    2    2    2    6    1    5    0.173604D-03
  1  1  1  3  1  3    2    2    2    6    1    6    0.181343D-03
  1  1  1  3  1  3    2    2    2    6    1    7    0.166936D-03
  1  1  1  3  1  3    2    2    2    6    1    8    0.176133D-03
  1  1  1  3  1  3    2    2    2    6    1    9    0.152568D-03
  1  1  1  3  1  3    2    2    2    6    2    1    0.170234D-03
  1  1  1  3  1  3    2    2    2    6    2    2    0.185296D-03
  1  1  1  3  1  3    2    2    2    6    2    3    0.193513D-03
  1  1  1  3  1  3    2    2    2    6    2    4    0.175419D-03
  1  1  1  3  1  3    2    2    2    6    2    5    0.187982D-03
  1  1  1  3  1  3    2    2    2    6    2    6    0.196362D-03
  1  1  1  3  1  3    2    2    2    6    2    7    0.180761D-03
  1  1  1  3  1  3    2    2    2    6    2    8    0.190720D-03
  1  1  1  3  1  3    2    2    2    6    2    9    0.165203D-03
  1  1  1  3  1  3    2    2    2    6    3    1    0.177797D-03
  1  1  1  3  1  3    2    2    2    6    3    2    0.193527D-03
  1  1  1  3  1  3    2    2    2    6    3    3    0.202109D-03
  1  1  1  3  1  3    2    2    2    6    3    4    0.183211D-03
  1  1  1  3  1  3    2    2    2    6    3    5    0.196332D-03
  1  1  1  3  1  3    2    2    2    6    3    6    0.205084D-03
  1  1  1  3  1  3    2    2    2    6    3    7    0.188791D-03
  1  1  1  3  1  3    2    2    2    6    3    8    0.199192D-03
  1  1  1  3  1  3    2    2    2    6    3    9    0.172542D-03
  1  1  1  3  1  3    2    2    2    6    4    1    0.162002D-03
  1  1  1  3  1  3    2    2    2    6    4    2    0.176336D-03
  1  1  1  3  1  3    2    2    2    6    4    3    0.184155D-03
  1  1  1  3  1  3    2    2    2    6    4    4    0.166936D-03
  1  1  1  3  1  3    2    2    2    6    4    5    0.178891D-03
  1  1  1  3  1  3    2    2    2    6    4    6    0.186866D-03
  1  1  1  3  1  3    2    2    2    6    4    7    0.172020D-03
  1  1  1  3  1  3    2    2    2    6    4    8    0.181497D-03
  1  1  1  3  1  3    2    2    2    6    4    9    0.157214D-03
  1  1  1  3  1  3    2    2    2    6    5    1    0.172706D-03
  1  1  1  3  1  3    2    2    2    6    5    2    0.187986D-03
  1  1  1  3  1  3    2    2    2    6    5    3    0.196322D-03
  1  1  1  3  1  3    2    2    2    6    5    4    0.177965D-03
  1  1  1  3  1  3    2    2    2    6    5    5    0.190711D-03
  1  1  1  3  1  3    2    2    2    6    5    6    0.199212D-03
  1  1  1  3  1  3    2    2    2    6    5    7    0.183385D-03
  1  1  1  3  1  3    2    2    2    6    5    8    0.193489D-03
  1  1  1  3  1  3    2    2    2    6    5    9    0.167602D-03
  1  1  1  3  1  3    2    2    2    6    6    1    0.148059D-03
  1  1  1  3  1  3    2    2    2    6    6    2    0.161159D-03
  1  1  1  3  1  3    2    2    2    6    6    3    0.168305D-03
  1  1  1  3  1  3    2    2    2    6    6    4    0.152568D-03
  1  1  1  3  1  3    2    2    2    6    6    5    0.163494D-03
  1  1  1  3  1  3    2    2    2    6    6    6    0.170782D-03
  1  1  1  3  1  3    2    2    2    6    6    7    0.157214D-03
  1  1  1  3  1  3    2    2    2    6    6    8    0.165876D-03
  1  1  1  3  1  3    2    2    2    6    6    9    0.143683D-03
  1  1  1  3  1  3    2    2    2    6    7    1    0.166936D-03
  1  1  1  3  1  3    2    2    2    6    7    2    0.181706D-03
  1  1  1  3  1  3    2    2    2    6    7    3    0.189763D-03
  1  1  1  3  1  3    2    2    2    6    7    4    0.172020D-03
  1  1  1  3  1  3    2    2    2    6    7    5    0.184339D-03
  1  1  1  3  1  3    2    2    2    6    7    6    0.192557D-03
  1  1  1  3  1  3    2    2    2    6    7    7    0.177259D-03
  1  1  1  3  1  3    2    2    2    6    7    8    0.187025D-03
  1  1  1  3  1  3    2    2    2    6    7    9    0.162002D-03
  1  1  1  3  1  3    2    2    2    6    8    1    0.175226D-03
  1  1  1  3  1  3    2    2    2    6    8    2    0.190730D-03
  1  1  1  3  1  3    2    2    2    6    8    3    0.199187D-03
  1  1  1  3  1  3    2    2    2    6    8    4    0.180563D-03
  1  1  1  3  1  3    2    2    2    6    8    5    0.193494D-03
  1  1  1  3  1  3    2    2    2    6    8    6    0.202119D-03
  1  1  1  3  1  3    2    2    2    6    8    7    0.186062D-03
  1  1  1  3  1  3    2    2    2    6    8    8    0.196313D-03
  1  1  1  3  1  3    2    2    2    6    8    9    0.170047D-03
  1  1  1  3  1  3    2    2    2    6    9    1    0.152568D-03
  1  1  1  3  1  3    2    2    2    6    9    2    0.166067D-03
  1  1  1  3  1  3    2    2    2    6    9    3    0.173431D-03
  1  1  1  3  1  3    2    2    2    6    9    4    0.157214D-03
  1  1  1  3  1  3    2    2    2    6    9    5    0.168473D-03
  1  1  1  3  1  3    2    2    2    6    9    6    0.175984D-03
  1  1  1  3  1  3    2    2    2    6    9    7    0.162002D-03
  1  1  1  3  1  3    2    2    2    6    9    8    0.170928D-03
  1  1  1  3  1  3    2    2    2    6    9    9    0.148059D-03
  1  1  1  3  1  3    2    2    2    7    1    1    0.144724D-03
  1  1  1  3  1  3    2    2    2    7    1    2    0.157529D-03
  1  1  1  3  1  3    2    2    2    7    1    3    0.164514D-03
  1  1  1  3  1  3    2    2    2    7    1    4    0.149132D-03
  1  1  1  3  1  3    2    2    2    7    1    5    0.159812D-03
  1  1  1  3  1  3    2    2    2    7    1    6    0.166936D-03
  1  1  1  3  1  3    2    2    2    7    1    7    0.153673D-03
  1  1  1  3  1  3    2    2    2    7    1    8    0.162140D-03
  1  1  1  3  1  3    2    2    2    7    1    9    0.140447D-03
  1  1  1  3  1  3    2    2    2    7    2    1    0.156710D-03
  1  1  1  3  1  3    2    2    2    7    2    2    0.170575D-03
  1  1  1  3  1  3    2    2    2    7    2    3    0.178139D-03
  1  1  1  3  1  3    2    2    2    7    2    4    0.161482D-03
  1  1  1  3  1  3    2    2    2    7    2    5    0.173047D-03
  1  1  1  3  1  3    2    2    2    7    2    6    0.180761D-03
  1  1  1  3  1  3    2    2    2    7    2    7    0.166400D-03
  1  1  1  3  1  3    2    2    2    7    2    8    0.175568D-03
  1  1  1  3  1  3    2    2    2    7    2    9    0.152078D-03
  1  1  1  3  1  3    2    2    2    7    3    1    0.163671D-03
  1  1  1  3  1  3    2    2    2    7    3    2    0.178152D-03
  1  1  1  3  1  3    2    2    2    7    3    3    0.186052D-03
  1  1  1  3  1  3    2    2    2    7    3    4    0.168656D-03
  1  1  1  3  1  3    2    2    2    7    3    5    0.180734D-03
  1  1  1  3  1  3    2    2    2    7    3    6    0.188791D-03
  1  1  1  3  1  3    2    2    2    7    3    7    0.173792D-03
  1  1  1  3  1  3    2    2    2    7    3    8    0.183367D-03
  1  1  1  3  1  3    2    2    2    7    3    9    0.158834D-03
  1  1  1  3  1  3    2    2    2    7    4    1    0.149132D-03
  1  1  1  3  1  3    2    2    2    7    4    2    0.162326D-03
  1  1  1  3  1  3    2    2    2    7    4    3    0.169524D-03
  1  1  1  3  1  3    2    2    2    7    4    4    0.153673D-03
  1  1  1  3  1  3    2    2    2    7    4    5    0.164679D-03
  1  1  1  3  1  3    2    2    2    7    4    6    0.172020D-03
  1  1  1  3  1  3    2    2    2    7    4    7    0.158353D-03
  1  1  1  3  1  3    2    2    2    7    4    8    0.167078D-03
  1  1  1  3  1  3    2    2    2    7    4    9    0.144724D-03
  1  1  1  3  1  3    2    2    2    7    5    1    0.158985D-03
  1  1  1  3  1  3    2    2    2    7    5    2    0.173051D-03
  1  1  1  3  1  3    2    2    2    7    5    3    0.180725D-03
  1  1  1  3  1  3    2    2    2    7    5    4    0.163827D-03
  1  1  1  3  1  3    2    2    2    7    5    5    0.175559D-03
  1  1  1  3  1  3    2    2    2    7    5    6    0.183385D-03
  1  1  1  3  1  3    2    2    2    7    5    7    0.168816D-03
  1  1  1  3  1  3    2    2    2    7    5    8    0.178117D-03
  1  1  1  3  1  3    2    2    2    7    5    9    0.154286D-03
  1  1  1  3  1  3    2    2    2    7    6    1    0.136296D-03
  1  1  1  3  1  3    2    2    2    7    6    2    0.148355D-03
  1  1  1  3  1  3    2    2    2    7    6    3    0.154934D-03
  1  1  1  3  1  3    2    2    2    7    6    4    0.140447D-03
  1  1  1  3  1  3    2    2    2    7    6    5    0.150505D-03
  1  1  1  3  1  3    2    2    2    7    6    6    0.157214D-03
  1  1  1  3  1  3    2    2    2    7    6    7    0.144724D-03
  1  1  1  3  1  3    2    2    2    7    6    8    0.152698D-03
  1  1  1  3  1  3    2    2    2    7    6    9    0.132268D-03
  1  1  1  3  1  3    2    2    2    7    7    1    0.153673D-03
  1  1  1  3  1  3    2    2    2    7    7    2    0.167270D-03
  1  1  1  3  1  3    2    2    2    7    7    3    0.174687D-03
  1  1  1  3  1  3    2    2    2    7    7    4    0.158353D-03
  1  1  1  3  1  3    2    2    2    7    7    5    0.169694D-03
  1  1  1  3  1  3    2    2    2    7    7    6    0.177259D-03
  1  1  1  3  1  3    2    2    2    7    7    7    0.163176D-03
  1  1  1  3  1  3    2    2    2    7    7    8    0.172166D-03
  1  1  1  3  1  3    2    2    2    7    7    9    0.149132D-03
  1  1  1  3  1  3    2    2    2    7    8    1    0.161305D-03
  1  1  1  3  1  3    2    2    2    7    8    2    0.175577D-03
  1  1  1  3  1  3    2    2    2    7    8    3    0.183362D-03
  1  1  1  3  1  3    2    2    2    7    8    4    0.166217D-03
  1  1  1  3  1  3    2    2    2    7    8    5    0.178121D-03
  1  1  1  3  1  3    2    2    2    7    8    6    0.186062D-03
  1  1  1  3  1  3    2    2    2    7    8    7    0.171279D-03
  1  1  1  3  1  3    2    2    2    7    8    8    0.180716D-03
  1  1  1  3  1  3    2    2    2    7    8    9    0.156538D-03
  1  1  1  3  1  3    2    2    2    7    9    1    0.140447D-03
  1  1  1  3  1  3    2    2    2    7    9    2    0.152873D-03
  1  1  1  3  1  3    2    2    2    7    9    3    0.159652D-03
  1  1  1  3  1  3    2    2    2    7    9    4    0.144724D-03
  1  1  1  3  1  3    2    2    2    7    9    5    0.155089D-03
  1  1  1  3  1  3    2    2    2    7    9    6    0.162002D-03
  1  1  1  3  1  3    2    2    2    7    9    7    0.149132D-03
  1  1  1  3  1  3    2    2    2    7    9    8    0.157348D-03
  1  1  1  3  1  3    2    2    2    7    9    9    0.136296D-03
  1  1  1  3  1  3    2    2    2    8    1    1    0.152698D-03
  1  1  1  3  1  3    2    2    2    8    1    2    0.166208D-03
  1  1  1  3  1  3    2    2    2    8    1    3    0.173578D-03
  1  1  1  3  1  3    2    2    2    8    1    4    0.157348D-03
  1  1  1  3  1  3    2    2    2    8    1    5    0.168616D-03
  1  1  1  3  1  3    2    2    2    8    1    6    0.176133D-03
  1  1  1  3  1  3    2    2    2    8    1    7    0.162140D-03
  1  1  1  3  1  3    2    2    2    8    1    8    0.171073D-03
  1  1  1  3  1  3    2    2    2    8    1    9    0.148185D-03
  1  1  1  3  1  3    2    2    2    8    2    1    0.165344D-03
  1  1  1  3  1  3    2    2    2    8    2    2    0.179973D-03
  1  1  1  3  1  3    2    2    2    8    2    3    0.187953D-03
  1  1  1  3  1  3    2    2    2    8    2    4    0.170379D-03
  1  1  1  3  1  3    2    2    2    8    2    5    0.182581D-03
  1  1  1  3  1  3    2    2    2    8    2    6    0.190720D-03
  1  1  1  3  1  3    2    2    2    8    2    7    0.175568D-03
  1  1  1  3  1  3    2    2    2    8    2    8    0.185241D-03
  1  1  1  3  1  3    2    2    2    8    2    9    0.160457D-03
  1  1  1  3  1  3    2    2    2    8    3    1    0.172689D-03
  1  1  1  3  1  3    2    2    2    8    3    2    0.187968D-03
  1  1  1  3  1  3    2    2    2    8    3    3    0.196303D-03
  1  1  1  3  1  3    2    2    2    8    3    4    0.177948D-03
  1  1  1  3  1  3    2    2    2    8    3    5    0.190692D-03
  1  1  1  3  1  3    2    2    2    8    3    6    0.199192D-03
  1  1  1  3  1  3    2    2    2    8    3    7    0.183367D-03
  1  1  1  3  1  3    2    2    2    8    3    8    0.193470D-03
  1  1  1  3  1  3    2    2    2    8    3    9    0.167585D-03
  1  1  1  3  1  3    2    2    2    8    4    1    0.157348D-03
  1  1  1  3  1  3    2    2    2    8    4    2    0.171270D-03
  1  1  1  3  1  3    2    2    2    8    4    3    0.178864D-03
  1  1  1  3  1  3    2    2    2    8    4    4    0.162140D-03
  1  1  1  3  1  3    2    2    2    8    4    5    0.173752D-03
  1  1  1  3  1  3    2    2    2    8    4    6    0.181497D-03
  1  1  1  3  1  3    2    2    2    8    4    7    0.167078D-03
  1  1  1  3  1  3    2    2    2    8    4    8    0.176283D-03
  1  1  1  3  1  3    2    2    2    8    4    9    0.152698D-03
  1  1  1  3  1  3    2    2    2    8    5    1    0.167744D-03
  1  1  1  3  1  3    2    2    2    8    5    2    0.182586D-03
  1  1  1  3  1  3    2    2    2    8    5    3    0.190682D-03
  1  1  1  3  1  3    2    2    2    8    5    4    0.172853D-03
  1  1  1  3  1  3    2    2    2    8    5    5    0.185232D-03
  1  1  1  3  1  3    2    2    2    8    5    6    0.193489D-03
  1  1  1  3  1  3    2    2    2    8    5    7    0.178117D-03
  1  1  1  3  1  3    2    2    2    8    5    8    0.187930D-03
  1  1  1  3  1  3    2    2    2    8    5    9    0.162786D-03
  1  1  1  3  1  3    2    2    2    8    6    1    0.143805D-03
  1  1  1  3  1  3    2    2    2    8    6    2    0.156529D-03
  1  1  1  3  1  3    2    2    2    8    6    3    0.163470D-03
  1  1  1  3  1  3    2    2    2    8    6    4    0.148185D-03
  1  1  1  3  1  3    2    2    2    8    6    5    0.158797D-03
  1  1  1  3  1  3    2    2    2    8    6    6    0.165876D-03
  1  1  1  3  1  3    2    2    2    8    6    7    0.152698D-03
  1  1  1  3  1  3    2    2    2    8    6    8    0.161110D-03
  1  1  1  3  1  3    2    2    2    8    6    9    0.139555D-03
  1  1  1  3  1  3    2    2    2    8    7    1    0.162140D-03
  1  1  1  3  1  3    2    2    2    8    7    2    0.176485D-03
  1  1  1  3  1  3    2    2    2    8    7    3    0.184311D-03
  1  1  1  3  1  3    2    2    2    8    7    4    0.167078D-03
  1  1  1  3  1  3    2    2    2    8    7    5    0.179043D-03
  1  1  1  3  1  3    2    2    2    8    7    6    0.187025D-03
  1  1  1  3  1  3    2    2    2    8    7    7    0.172166D-03
  1  1  1  3  1  3    2    2    2    8    7    8    0.181651D-03
  1  1  1  3  1  3    2    2    2    8    7    9    0.157348D-03
  1  1  1  3  1  3    2    2    2    8    8    1    0.170192D-03
  1  1  1  3  1  3    2    2    2    8    8    2    0.185250D-03
  1  1  1  3  1  3    2    2    2    8    8    3    0.193465D-03
  1  1  1  3  1  3    2    2    2    8    8    4    0.175375D-03
  1  1  1  3  1  3    2    2    2    8    8    5    0.187935D-03
  1  1  1  3  1  3    2    2    2    8    8    6    0.196313D-03
  1  1  1  3  1  3    2    2    2    8    8    7    0.180716D-03
  1  1  1  3  1  3    2    2    2    8    8    8    0.190673D-03
  1  1  1  3  1  3    2    2    2    8    8    9    0.165162D-03
  1  1  1  3  1  3    2    2    2    8    9    1    0.148185D-03
  1  1  1  3  1  3    2    2    2    8    9    2    0.161296D-03
  1  1  1  3  1  3    2    2    2    8    9    3    0.168448D-03
  1  1  1  3  1  3    2    2    2    8    9    4    0.152698D-03
  1  1  1  3  1  3    2    2    2    8    9    5    0.163633D-03
  1  1  1  3  1  3    2    2    2    8    9    6    0.170928D-03
  1  1  1  3  1  3    2    2    2    8    9    7    0.157348D-03
  1  1  1  3  1  3    2    2    2    8    9    8    0.166017D-03
  1  1  1  3  1  3    2    2    2    8    9    9    0.143805D-03
  1  1  1  3  1  3    2    2    2    9    1    1    0.132268D-03
  1  1  1  3  1  3    2    2    2    9    1    2    0.143970D-03
  1  1  1  3  1  3    2    2    2    9    1    3    0.150355D-03
  1  1  1  3  1  3    2    2    2    9    1    4    0.136296D-03
  1  1  1  3  1  3    2    2    2    9    1    5    0.146057D-03
  1  1  1  3  1  3    2    2    2    9    1    6    0.152568D-03
  1  1  1  3  1  3    2    2    2    9    1    7    0.140447D-03
  1  1  1  3  1  3    2    2    2    9    1    8    0.148185D-03
  1  1  1  3  1  3    2    2    2    9    1    9    0.128359D-03
  1  1  1  3  1  3    2    2    2    9    2    1    0.143222D-03
  1  1  1  3  1  3    2    2    2    9    2    2    0.155894D-03
  1  1  1  3  1  3    2    2    2    9    2    3    0.162807D-03
  1  1  1  3  1  3    2    2    2    9    2    4    0.147584D-03
  1  1  1  3  1  3    2    2    2    9    2    5    0.158153D-03
  1  1  1  3  1  3    2    2    2    9    2    6    0.165203D-03
  1  1  1  3  1  3    2    2    2    9    2    7    0.152078D-03
  1  1  1  3  1  3    2    2    2    9    2    8    0.160457D-03
  1  1  1  3  1  3    2    2    2    9    2    9    0.138989D-03
  1  1  1  3  1  3    2    2    2    9    3    1    0.149584D-03
  1  1  1  3  1  3    2    2    2    9    3    2    0.162819D-03
  1  1  1  3  1  3    2    2    2    9    3    3    0.170039D-03
  1  1  1  3  1  3    2    2    2    9    3    4    0.154140D-03
  1  1  1  3  1  3    2    2    2    9    3    5    0.165179D-03
  1  1  1  3  1  3    2    2    2    9    3    6    0.172542D-03
  1  1  1  3  1  3    2    2    2    9    3    7    0.158834D-03
  1  1  1  3  1  3    2    2    2    9    3    8    0.167585D-03
  1  1  1  3  1  3    2    2    2    9    3    9    0.145163D-03
  1  1  1  3  1  3    2    2    2    9    4    1    0.136296D-03
  1  1  1  3  1  3    2    2    2    9    4    2    0.148355D-03
  1  1  1  3  1  3    2    2    2    9    4    3    0.154934D-03
  1  1  1  3  1  3    2    2    2    9    4    4    0.140447D-03
  1  1  1  3  1  3    2    2    2    9    4    5    0.150505D-03
  1  1  1  3  1  3    2    2    2    9    4    6    0.157214D-03
  1  1  1  3  1  3    2    2    2    9    4    7    0.144724D-03
  1  1  1  3  1  3    2    2    2    9    4    8    0.152698D-03
  1  1  1  3  1  3    2    2    2    9    4    9    0.132268D-03
  1  1  1  3  1  3    2    2    2    9    5    1    0.145301D-03
  1  1  1  3  1  3    2    2    2    9    5    2    0.158157D-03
  1  1  1  3  1  3    2    2    2    9    5    3    0.165170D-03
  1  1  1  3  1  3    2    2    2    9    5    4    0.149726D-03
  1  1  1  3  1  3    2    2    2    9    5    5    0.160449D-03
  1  1  1  3  1  3    2    2    2    9    5    6    0.167602D-03
  1  1  1  3  1  3    2    2    2    9    5    7    0.154286D-03
  1  1  1  3  1  3    2    2    2    9    5    8    0.162786D-03
  1  1  1  3  1  3    2    2    2    9    5    9    0.141007D-03
  1  1  1  3  1  3    2    2    2    9    6    1    0.124565D-03
  1  1  1  3  1  3    2    2    2    9    6    2    0.135586D-03
  1  1  1  3  1  3    2    2    2    9    6    3    0.141599D-03
  1  1  1  3  1  3    2    2    2    9    6    4    0.128359D-03
  1  1  1  3  1  3    2    2    2    9    6    5    0.137551D-03
  1  1  1  3  1  3    2    2    2    9    6    6    0.143683D-03
  1  1  1  3  1  3    2    2    2    9    6    7    0.132268D-03
  1  1  1  3  1  3    2    2    2    9    6    8    0.139555D-03
  1  1  1  3  1  3    2    2    2    9    6    9    0.120884D-03
  1  1  1  3  1  3    2    2    2    9    7    1    0.140447D-03
  1  1  1  3  1  3    2    2    2    9    7    2    0.152873D-03
  1  1  1  3  1  3    2    2    2    9    7    3    0.159652D-03
  1  1  1  3  1  3    2    2    2    9    7    4    0.144724D-03
  1  1  1  3  1  3    2    2    2    9    7    5    0.155089D-03
  1  1  1  3  1  3    2    2    2    9    7    6    0.162002D-03
  1  1  1  3  1  3    2    2    2    9    7    7    0.149132D-03
  1  1  1  3  1  3    2    2    2    9    7    8    0.157348D-03
  1  1  1  3  1  3    2    2    2    9    7    9    0.136296D-03
  1  1  1  3  1  3    2    2    2    9    8    1    0.147422D-03
  1  1  1  3  1  3    2    2    2    9    8    2    0.160465D-03
  1  1  1  3  1  3    2    2    2    9    8    3    0.167581D-03
  1  1  1  3  1  3    2    2    2    9    8    4    0.151911D-03
  1  1  1  3  1  3    2    2    2    9    8    5    0.162791D-03
  1  1  1  3  1  3    2    2    2    9    8    6    0.170047D-03
  1  1  1  3  1  3    2    2    2    9    8    7    0.156538D-03
  1  1  1  3  1  3    2    2    2    9    8    8    0.165162D-03
  1  1  1  3  1  3    2    2    2    9    8    9    0.143065D-03
  1  1  1  3  1  3    2    2    2    9    9    1    0.128359D-03
  1  1  1  3  1  3    2    2    2    9    9    2    0.139715D-03
  1  1  1  3  1  3    2    2    2    9    9    3    0.145911D-03
  1  1  1  3  1  3    2    2    2    9    9    4    0.132268D-03
  1  1  1  3  1  3    2    2    2    9    9    5    0.141740D-03
  1  1  1  3  1  3    2    2    2    9    9    6    0.148059D-03
  1  1  1  3  1  3    2    2    2    9    9    7    0.136296D-03
  1  1  1  3  1  3    2    2    2    9    9    8    0.143805D-03
  1  1  1  3  1  3    2    2    2    9    9    9    0.124565D-03
  1  1  1  3  1  3    1    1    1    1    1    1    0.227343D-03
  1  1  1  3  1  3    1    1    1    1    1    2    0.230741D-03
  1  1  1  3  1  3    1    1    1    1    1    3    0.221745D-03
  1  1  1  3  1  3    1    1    1    1    2    1    0.216284D-03
  1  1  1  3  1  3    1    1    1    1    2    2    0.219517D-03
  1  1  1  3  1  3    1    1    1    1    2    3    0.210959D-03
  1  1  1  3  1  3    1    1    1    1    3    1    0.222871D-03
  1  1  1  3  1  3    1    1    1    1    3    2    0.226202D-03
  1  1  1  3  1  3    1    1    1    1    3    3    0.217384D-03
  1  1  1  3  1  3    1    1    1    2    1    1    0.230741D-03
  1  1  1  3  1  3    1    1    1    2    1    2    0.234190D-03
  1  1  1  3  1  3    1    1    1    2    1    3    0.225060D-03
  1  1  1  3  1  3    1    1    1    2    2    1    0.219517D-03
  1  1  1  3  1  3    1    1    1    2    2    2    0.222798D-03
  1  1  1  3  1  3    1    1    1    2    2    3    0.214112D-03
  1  1  1  3  1  3    1    1    1    2    3    1    0.226202D-03
  1  1  1  3  1  3    1    1    1    2    3    2    0.229584D-03
  1  1  1  3  1  3    1    1    1    2    3    3    0.220633D-03
  1  1  1  3  1  3    1    1    1    3    1    1    0.221745D-03
  1  1  1  3  1  3    1    1    1    3    1    2    0.225060D-03
  1  1  1  3  1  3    1    1    1    3    1    3    0.216286D-03
  1  1  1  3  1  3    1    1    1    3    2    1    0.210959D-03
  1  1  1  3  1  3    1    1    1    3    2    2    0.214112D-03
  1  1  1  3  1  3    1    1    1    3    2    3    0.205765D-03
  1  1  1  3  1  3    1    1    1    3    3    1    0.217384D-03
  1  1  1  3  1  3    1    1    1    3    3    2    0.220633D-03
  1  1  1  3  1  3    1    1    1    3    3    3    0.212031D-03
  1  1  1  3  1  3    0    0    0    1    1    1    0.243665D-03
