  1  1  1  3  3  3    2    2    2    1    1    1    0.134940D-03
  1  1  1  3  3  3    2    2    2    1    1    2    0.146879D-03
  1  1  1  3  3  3    2    2    2    1    1    3    0.153392D-03
  1  1  1  3  3  3    2    2    2    1    1    4    0.139049D-03
  1  1  1  3  3  3    2    2    2    1    1    5    0.149007D-03
  1  1  1  3  3  3    2    2    2    1    1    6    0.155650D-03
  1  1  1  3  3  3    2    2    2    1    1    7    0.143284D-03
  1  1  1  3  3  3    2    2    2    1    1    8    0.151178D-03
  1  1  1  3  3  3    2    2    2    1    1    9    0.130952D-03
  1  1  1  3  3  3    2    2    2    1    2    1    0.146879D-03
  1  1  1  3  3  3    2    2    2    1    2    2    0.159874D-03
  1  1  1  3  3  3    2    2    2    1    2    3    0.166964D-03
  1  1  1  3  3  3    2    2    2    1    2    4    0.151352D-03
  1  1  1  3  3  3    2    2    2    1    2    5    0.162191D-03
  1  1  1  3  3  3    2    2    2    1    2    6    0.169421D-03
  1  1  1  3  3  3    2    2    2    1    2    7    0.155961D-03
  1  1  1  3  3  3    2    2    2    1    2    8    0.164554D-03
  1  1  1  3  3  3    2    2    2    1    2    9    0.142538D-03
  1  1  1  3  3  3    2    2    2    1    3    1    0.153392D-03
  1  1  1  3  3  3    2    2    2    1    3    2    0.166964D-03
  1  1  1  3  3  3    2    2    2    1    3    3    0.174367D-03
  1  1  1  3  3  3    2    2    2    1    3    4    0.158063D-03
  1  1  1  3  3  3    2    2    2    1    3    5    0.169383D-03
  1  1  1  3  3  3    2    2    2    1    3    6    0.176934D-03
  1  1  1  3  3  3    2    2    2    1    3    7    0.162877D-03
  1  1  1  3  3  3    2    2    2    1    3    8    0.171851D-03
  1  1  1  3  3  3    2    2    2    1    3    9    0.148859D-03
  1  1  1  3  3  3    2    2    2    1    4    1    0.139049D-03
  1  1  1  3  3  3    2    2    2    1    4    2    0.151352D-03
  1  1  1  3  3  3    2    2    2    1    4    3    0.158063D-03
  1  1  1  3  3  3    2    2    2    1    4    4    0.143284D-03
  1  1  1  3  3  3    2    2    2    1    4    5    0.153545D-03
  1  1  1  3  3  3    2    2    2    1    4    6    0.160390D-03
  1  1  1  3  3  3    2    2    2    1    4    7    0.147648D-03
  1  1  1  3  3  3    2    2    2    1    4    8    0.155782D-03
  1  1  1  3  3  3    2    2    2    1    4    9    0.134940D-03
  1  1  1  3  3  3    2    2    2    1    5    1    0.149007D-03
  1  1  1  3  3  3    2    2    2    1    5    2    0.162191D-03
  1  1  1  3  3  3    2    2    2    1    5    3    0.169383D-03
  1  1  1  3  3  3    2    2    2    1    5    4    0.153545D-03
  1  1  1  3  3  3    2    2    2    1    5    5    0.164542D-03
  1  1  1  3  3  3    2    2    2    1    5    6    0.171877D-03
  1  1  1  3  3  3    2    2    2    1    5    7    0.158222D-03
  1  1  1  3  3  3    2    2    2    1    5    8    0.166939D-03
  1  1  1  3  3  3    2    2    2    1    5    9    0.144604D-03
  1  1  1  3  3  3    2    2    2    1    6    1    0.155650D-03
  1  1  1  3  3  3    2    2    2    1    6    2    0.169421D-03
  1  1  1  3  3  3    2    2    2    1    6    3    0.176934D-03
  1  1  1  3  3  3    2    2    2    1    6    4    0.160390D-03
  1  1  1  3  3  3    2    2    2    1    6    5    0.171877D-03
  1  1  1  3  3  3    2    2    2    1    6    6    0.179539D-03
  1  1  1  3  3  3    2    2    2    1    6    7    0.165275D-03
  1  1  1  3  3  3    2    2    2    1    6    8    0.174381D-03
  1  1  1  3  3  3    2    2    2    1    6    9    0.151050D-03
  1  1  1  3  3  3    2    2    2    1    7    1    0.143284D-03
  1  1  1  3  3  3    2    2    2    1    7    2    0.155961D-03
  1  1  1  3  3  3    2    2    2    1    7    3    0.162877D-03
  1  1  1  3  3  3    2    2    2    1    7    4    0.147648D-03
  1  1  1  3  3  3    2    2    2    1    7    5    0.158222D-03
  1  1  1  3  3  3    2    2    2    1    7    6    0.165275D-03
  1  1  1  3  3  3    2    2    2    1    7    7    0.152144D-03
  1  1  1  3  3  3    2    2    2    1    7    8    0.160526D-03
  1  1  1  3  3  3    2    2    2    1    7    9    0.139049D-03
  1  1  1  3  3  3    2    2    2    1    8    1    0.151178D-03
  1  1  1  3  3  3    2    2    2    1    8    2    0.164554D-03
  1  1  1  3  3  3    2    2    2    1    8    3    0.171851D-03
  1  1  1  3  3  3    2    2    2    1    8    4    0.155782D-03
  1  1  1  3  3  3    2    2    2    1    8    5    0.166939D-03
  1  1  1  3  3  3    2    2    2    1    8    6    0.174381D-03
  1  1  1  3  3  3    2    2    2    1    8    7    0.160526D-03
  1  1  1  3  3  3    2    2    2    1    8    8    0.169371D-03
  1  1  1  3  3  3    2    2    2    1    8    9    0.146710D-03
  1  1  1  3  3  3    2    2    2    1    9    1    0.130952D-03
  1  1  1  3  3  3    2    2    2    1    9    2    0.142538D-03
  1  1  1  3  3  3    2    2    2    1    9    3    0.148859D-03
  1  1  1  3  3  3    2    2    2    1    9    4    0.134940D-03
  1  1  1  3  3  3    2    2    2    1    9    5    0.144604D-03
  1  1  1  3  3  3    2    2    2    1    9    6    0.151050D-03
  1  1  1  3  3  3    2    2    2    1    9    7    0.139049D-03
  1  1  1  3  3  3    2    2    2    1    9    8    0.146710D-03
  1  1  1  3  3  3    2    2    2    1    9    9    0.127081D-03
  1  1  1  3  3  3    2    2    2    2    1    1    0.146879D-03
  1  1  1  3  3  3    2    2    2    2    1    2    0.159874D-03
  1  1  1  3  3  3    2    2    2    2    1    3    0.166964D-03
  1  1  1  3  3  3    2    2    2    2    1    4    0.151352D-03
  1  1  1  3  3  3    2    2    2    2    1    5    0.162191D-03
  1  1  1  3  3  3    2    2    2    2    1    6    0.169421D-03
  1  1  1  3  3  3    2    2    2    2    1    7    0.155961D-03
  1  1  1  3  3  3    2    2    2    2    1    8    0.164554D-03
  1  1  1  3  3  3    2    2    2    2    1    9    0.142538D-03
  1  1  1  3  3  3    2    2    2    2    2    1    0.159874D-03
  1  1  1  3  3  3    2    2    2    2    2    2    0.174019D-03
  1  1  1  3  3  3    2    2    2    2    2    3    0.181736D-03
  1  1  1  3  3  3    2    2    2    2    2    4    0.164743D-03
  1  1  1  3  3  3    2    2    2    2    2    5    0.176541D-03
  1  1  1  3  3  3    2    2    2    2    2    6    0.184411D-03
  1  1  1  3  3  3    2    2    2    2    2    7    0.169760D-03
  1  1  1  3  3  3    2    2    2    2    2    8    0.179113D-03
  1  1  1  3  3  3    2    2    2    2    2    9    0.155149D-03
  1  1  1  3  3  3    2    2    2    2    3    1    0.166964D-03
  1  1  1  3  3  3    2    2    2    2    3    2    0.181736D-03
  1  1  1  3  3  3    2    2    2    2    3    3    0.189795D-03
  1  1  1  3  3  3    2    2    2    2    3    4    0.172048D-03
  1  1  1  3  3  3    2    2    2    2    3    5    0.184370D-03
  1  1  1  3  3  3    2    2    2    2    3    6    0.192589D-03
  1  1  1  3  3  3    2    2    2    2    3    7    0.177288D-03
  1  1  1  3  3  3    2    2    2    2    3    8    0.187056D-03
  1  1  1  3  3  3    2    2    2    2    3    9    0.162029D-03
  1  1  1  3  3  3    2    2    2    2    4    1    0.151352D-03
  1  1  1  3  3  3    2    2    2    2    4    2    0.164743D-03
  1  1  1  3  3  3    2    2    2    2    4    3    0.172048D-03
  1  1  1  3  3  3    2    2    2    2    4    4    0.155961D-03
  1  1  1  3  3  3    2    2    2    2    4    5    0.167131D-03
  1  1  1  3  3  3    2    2    2    2    4    6    0.174581D-03
  1  1  1  3  3  3    2    2    2    2    4    7    0.160711D-03
  1  1  1  3  3  3    2    2    2    2    4    8    0.169565D-03
  1  1  1  3  3  3    2    2    2    2    4    9    0.146879D-03
  1  1  1  3  3  3    2    2    2    2    5    1    0.162191D-03
  1  1  1  3  3  3    2    2    2    2    5    2    0.176541D-03
  1  1  1  3  3  3    2    2    2    2    5    3    0.184370D-03
  1  1  1  3  3  3    2    2    2    2    5    4    0.167131D-03
  1  1  1  3  3  3    2    2    2    2    5    5    0.179100D-03
  1  1  1  3  3  3    2    2    2    2    5    6    0.187084D-03
  1  1  1  3  3  3    2    2    2    2    5    7    0.172220D-03
  1  1  1  3  3  3    2    2    2    2    5    8    0.181709D-03
  1  1  1  3  3  3    2    2    2    2    5    9    0.157398D-03
  1  1  1  3  3  3    2    2    2    2    6    1    0.169421D-03
  1  1  1  3  3  3    2    2    2    2    6    2    0.184411D-03
  1  1  1  3  3  3    2    2    2    2    6    3    0.192589D-03
  1  1  1  3  3  3    2    2    2    2    6    4    0.174581D-03
  1  1  1  3  3  3    2    2    2    2    6    5    0.187084D-03
  1  1  1  3  3  3    2    2    2    2    6    6    0.195424D-03
  1  1  1  3  3  3    2    2    2    2    6    7    0.179898D-03
  1  1  1  3  3  3    2    2    2    2    6    8    0.189809D-03
  1  1  1  3  3  3    2    2    2    2    6    9    0.164414D-03
  1  1  1  3  3  3    2    2    2    2    7    1    0.155961D-03
  1  1  1  3  3  3    2    2    2    2    7    2    0.169760D-03
  1  1  1  3  3  3    2    2    2    2    7    3    0.177288D-03
  1  1  1  3  3  3    2    2    2    2    7    4    0.160711D-03
  1  1  1  3  3  3    2    2    2    2    7    5    0.172220D-03
  1  1  1  3  3  3    2    2    2    2    7    6    0.179898D-03
  1  1  1  3  3  3    2    2    2    2    7    7    0.165605D-03
  1  1  1  3  3  3    2    2    2    2    7    8    0.174729D-03
  1  1  1  3  3  3    2    2    2    2    7    9    0.151352D-03
  1  1  1  3  3  3    2    2    2    2    8    1    0.164554D-03
  1  1  1  3  3  3    2    2    2    2    8    2    0.179113D-03
  1  1  1  3  3  3    2    2    2    2    8    3    0.187056D-03
  1  1  1  3  3  3    2    2    2    2    8    4    0.169565D-03
  1  1  1  3  3  3    2    2    2    2    8    5    0.181709D-03
  1  1  1  3  3  3    2    2    2    2    8    6    0.189809D-03
  1  1  1  3  3  3    2    2    2    2    8    7    0.174729D-03
  1  1  1  3  3  3    2    2    2    2    8    8    0.184356D-03
  1  1  1  3  3  3    2    2    2    2    8    9    0.159691D-03
  1  1  1  3  3  3    2    2    2    2    9    1    0.142538D-03
  1  1  1  3  3  3    2    2    2    2    9    2    0.155149D-03
  1  1  1  3  3  3    2    2    2    2    9    3    0.162029D-03
  1  1  1  3  3  3    2    2    2    2    9    4    0.146879D-03
  1  1  1  3  3  3    2    2    2    2    9    5    0.157398D-03
  1  1  1  3  3  3    2    2    2    2    9    6    0.164414D-03
  1  1  1  3  3  3    2    2    2    2    9    7    0.151352D-03
  1  1  1  3  3  3    2    2    2    2    9    8    0.159691D-03
  1  1  1  3  3  3    2    2    2    2    9    9    0.138325D-03
  1  1  1  3  3  3    2    2    2    3    1    1    0.153392D-03
  1  1  1  3  3  3    2    2    2    3    1    2    0.166964D-03
  1  1  1  3  3  3    2    2    2    3    1    3    0.174367D-03
  1  1  1  3  3  3    2    2    2    3    1    4    0.158063D-03
  1  1  1  3  3  3    2    2    2    3    1    5    0.169383D-03
  1  1  1  3  3  3    2    2    2    3    1    6    0.176934D-03
  1  1  1  3  3  3    2    2    2    3    1    7    0.162877D-03
  1  1  1  3  3  3    2    2    2    3    1    8    0.171851D-03
  1  1  1  3  3  3    2    2    2    3    1    9    0.148859D-03
  1  1  1  3  3  3    2    2    2    3    2    1    0.166964D-03
  1  1  1  3  3  3    2    2    2    3    2    2    0.181736D-03
  1  1  1  3  3  3    2    2    2    3    2    3    0.189795D-03
  1  1  1  3  3  3    2    2    2    3    2    4    0.172048D-03
  1  1  1  3  3  3    2    2    2    3    2    5    0.184370D-03
  1  1  1  3  3  3    2    2    2    3    2    6    0.192589D-03
  1  1  1  3  3  3    2    2    2    3    2    7    0.177288D-03
  1  1  1  3  3  3    2    2    2    3    2    8    0.187056D-03
  1  1  1  3  3  3    2    2    2    3    2    9    0.162029D-03
  1  1  1  3  3  3    2    2    2    3    3    1    0.174367D-03
  1  1  1  3  3  3    2    2    2    3    3    2    0.189795D-03
  1  1  1  3  3  3    2    2    2    3    3    3    0.198211D-03
  1  1  1  3  3  3    2    2    2    3    3    4    0.179678D-03
  1  1  1  3  3  3    2    2    2    3    3    5    0.192546D-03
  1  1  1  3  3  3    2    2    2    3    3    6    0.201129D-03
  1  1  1  3  3  3    2    2    2    3    3    7    0.185150D-03
  1  1  1  3  3  3    2    2    2    3    3    8    0.195351D-03
  1  1  1  3  3  3    2    2    2    3    3    9    0.169214D-03
  1  1  1  3  3  3    2    2    2    3    4    1    0.158063D-03
  1  1  1  3  3  3    2    2    2    3    4    2    0.172048D-03
  1  1  1  3  3  3    2    2    2    3    4    3    0.179678D-03
  1  1  1  3  3  3    2    2    2    3    4    4    0.162877D-03
  1  1  1  3  3  3    2    2    2    3    4    5    0.174542D-03
  1  1  1  3  3  3    2    2    2    3    4    6    0.182323D-03
  1  1  1  3  3  3    2    2    2    3    4    7    0.167838D-03
  1  1  1  3  3  3    2    2    2    3    4    8    0.177085D-03
  1  1  1  3  3  3    2    2    2    3    4    9    0.153392D-03
  1  1  1  3  3  3    2    2    2    3    5    1    0.169383D-03
  1  1  1  3  3  3    2    2    2    3    5    2    0.184370D-03
  1  1  1  3  3  3    2    2    2    3    5    3    0.192546D-03
  1  1  1  3  3  3    2    2    2    3    5    4    0.174542D-03
  1  1  1  3  3  3    2    2    2    3    5    5    0.187042D-03
  1  1  1  3  3  3    2    2    2    3    5    6    0.195380D-03
  1  1  1  3  3  3    2    2    2    3    5    7    0.179857D-03
  1  1  1  3  3  3    2    2    2    3    5    8    0.189767D-03
  1  1  1  3  3  3    2    2    2    3    5    9    0.164377D-03
  1  1  1  3  3  3    2    2    2    3    6    1    0.176934D-03
  1  1  1  3  3  3    2    2    2    3    6    2    0.192589D-03
  1  1  1  3  3  3    2    2    2    3    6    3    0.201129D-03
  1  1  1  3  3  3    2    2    2    3    6    4    0.182323D-03
  1  1  1  3  3  3    2    2    2    3    6    5    0.195380D-03
  1  1  1  3  3  3    2    2    2    3    6    6    0.204089D-03
  1  1  1  3  3  3    2    2    2    3    6    7    0.187875D-03
  1  1  1  3  3  3    2    2    2    3    6    8    0.198226D-03
  1  1  1  3  3  3    2    2    2    3    6    9    0.171705D-03
  1  1  1  3  3  3    2    2    2    3    7    1    0.162877D-03
  1  1  1  3  3  3    2    2    2    3    7    2    0.177288D-03
  1  1  1  3  3  3    2    2    2    3    7    3    0.185150D-03
  1  1  1  3  3  3    2    2    2    3    7    4    0.167838D-03
  1  1  1  3  3  3    2    2    2    3    7    5    0.179857D-03
  1  1  1  3  3  3    2    2    2    3    7    6    0.187875D-03
  1  1  1  3  3  3    2    2    2    3    7    7    0.172949D-03
  1  1  1  3  3  3    2    2    2    3    7    8    0.182478D-03
  1  1  1  3  3  3    2    2    2    3    7    9    0.158063D-03
  1  1  1  3  3  3    2    2    2    3    8    1    0.171851D-03
  1  1  1  3  3  3    2    2    2    3    8    2    0.187056D-03
  1  1  1  3  3  3    2    2    2    3    8    3    0.195351D-03
  1  1  1  3  3  3    2    2    2    3    8    4    0.177085D-03
  1  1  1  3  3  3    2    2    2    3    8    5    0.189767D-03
  1  1  1  3  3  3    2    2    2    3    8    6    0.198226D-03
  1  1  1  3  3  3    2    2    2    3    8    7    0.182478D-03
  1  1  1  3  3  3    2    2    2    3    8    8    0.192531D-03
  1  1  1  3  3  3    2    2    2    3    8    9    0.166772D-03
  1  1  1  3  3  3    2    2    2    3    9    1    0.148859D-03
  1  1  1  3  3  3    2    2    2    3    9    2    0.162029D-03
  1  1  1  3  3  3    2    2    2    3    9    3    0.169214D-03
  1  1  1  3  3  3    2    2    2    3    9    4    0.153392D-03
  1  1  1  3  3  3    2    2    2    3    9    5    0.164377D-03
  1  1  1  3  3  3    2    2    2    3    9    6    0.171705D-03
  1  1  1  3  3  3    2    2    2    3    9    7    0.158063D-03
  1  1  1  3  3  3    2    2    2    3    9    8    0.166772D-03
  1  1  1  3  3  3    2    2    2    3    9    9    0.144459D-03
  1  1  1  3  3  3    2    2    2    4    1    1    0.139049D-03
  1  1  1  3  3  3    2    2    2    4    1    2    0.151352D-03
  1  1  1  3  3  3    2    2    2    4    1    3    0.158063D-03
  1  1  1  3  3  3    2    2    2    4    1    4    0.143284D-03
  1  1  1  3  3  3    2    2    2    4    1    5    0.153545D-03
  1  1  1  3  3  3    2    2    2    4    1    6    0.160390D-03
  1  1  1  3  3  3    2    2    2    4    1    7    0.147648D-03
  1  1  1  3  3  3    2    2    2    4    1    8    0.155782D-03
  1  1  1  3  3  3    2    2    2    4    1    9    0.134940D-03
  1  1  1  3  3  3    2    2    2    4    2    1    0.151352D-03
  1  1  1  3  3  3    2    2    2    4    2    2    0.164743D-03
  1  1  1  3  3  3    2    2    2    4    2    3    0.172048D-03
  1  1  1  3  3  3    2    2    2    4    2    4    0.155961D-03
  1  1  1  3  3  3    2    2    2    4    2    5    0.167131D-03
  1  1  1  3  3  3    2    2    2    4    2    6    0.174581D-03
  1  1  1  3  3  3    2    2    2    4    2    7    0.160711D-03
  1  1  1  3  3  3    2    2    2    4    2    8    0.169565D-03
  1  1  1  3  3  3    2    2    2    4    2    9    0.146879D-03
  1  1  1  3  3  3    2    2    2    4    3    1    0.158063D-03
  1  1  1  3  3  3    2    2    2    4    3    2    0.172048D-03
  1  1  1  3  3  3    2    2    2    4    3    3    0.179678D-03
  1  1  1  3  3  3    2    2    2    4    3    4    0.162877D-03
  1  1  1  3  3  3    2    2    2    4    3    5    0.174542D-03
  1  1  1  3  3  3    2    2    2    4    3    6    0.182323D-03
  1  1  1  3  3  3    2    2    2    4    3    7    0.167838D-03
  1  1  1  3  3  3    2    2    2    4    3    8    0.177085D-03
  1  1  1  3  3  3    2    2    2    4    3    9    0.153392D-03
  1  1  1  3  3  3    2    2    2    4    4    1    0.143284D-03
  1  1  1  3  3  3    2    2    2    4    4    2    0.155961D-03
  1  1  1  3  3  3    2    2    2    4    4    3    0.162877D-03
  1  1  1  3  3  3    2    2    2    4    4    4    0.147648D-03
  1  1  1  3  3  3    2    2    2    4    4    5    0.158222D-03
  1  1  1  3  3  3    2    2    2    4    4    6    0.165275D-03
  1  1  1  3  3  3    2    2    2    4    4    7    0.152144D-03
  1  1  1  3  3  3    2    2    2    4    4    8    0.160526D-03
  1  1  1  3  3  3    2    2    2    4    4    9    0.139049D-03
  1  1  1  3  3  3    2    2    2    4    5    1    0.153545D-03
  1  1  1  3  3  3    2    2    2    4    5    2    0.167131D-03
  1  1  1  3  3  3    2    2    2    4    5    3    0.174542D-03
  1  1  1  3  3  3    2    2    2    4    5    4    0.158222D-03
  1  1  1  3  3  3    2    2    2    4    5    5    0.169553D-03
  1  1  1  3  3  3    2    2    2    4    5    6    0.177111D-03
  1  1  1  3  3  3    2    2    2    4    5    7    0.163040D-03
  1  1  1  3  3  3    2    2    2    4    5    8    0.172023D-03
  1  1  1  3  3  3    2    2    2    4    5    9    0.149007D-03
  1  1  1  3  3  3    2    2    2    4    6    1    0.160390D-03
  1  1  1  3  3  3    2    2    2    4    6    2    0.174581D-03
  1  1  1  3  3  3    2    2    2    4    6    3    0.182323D-03
  1  1  1  3  3  3    2    2    2    4    6    4    0.165275D-03
  1  1  1  3  3  3    2    2    2    4    6    5    0.177111D-03
  1  1  1  3  3  3    2    2    2    4    6    6    0.185006D-03
  1  1  1  3  3  3    2    2    2    4    6    7    0.170308D-03
  1  1  1  3  3  3    2    2    2    4    6    8    0.179691D-03
  1  1  1  3  3  3    2    2    2    4    6    9    0.155650D-03
  1  1  1  3  3  3    2    2    2    4    7    1    0.147648D-03
  1  1  1  3  3  3    2    2    2    4    7    2    0.160711D-03
  1  1  1  3  3  3    2    2    2    4    7    3    0.167838D-03
  1  1  1  3  3  3    2    2    2    4    7    4    0.152144D-03
  1  1  1  3  3  3    2    2    2    4    7    5    0.163040D-03
  1  1  1  3  3  3    2    2    2    4    7    6    0.170308D-03
  1  1  1  3  3  3    2    2    2    4    7    7    0.156778D-03
  1  1  1  3  3  3    2    2    2    4    7    8    0.165415D-03
  1  1  1  3  3  3    2    2    2    4    7    9    0.143284D-03
  1  1  1  3  3  3    2    2    2    4    8    1    0.155782D-03
  1  1  1  3  3  3    2    2    2    4    8    2    0.169565D-03
  1  1  1  3  3  3    2    2    2    4    8    3    0.177085D-03
  1  1  1  3  3  3    2    2    2    4    8    4    0.160526D-03
  1  1  1  3  3  3    2    2    2    4    8    5    0.172023D-03
  1  1  1  3  3  3    2    2    2    4    8    6    0.179691D-03
  1  1  1  3  3  3    2    2    2    4    8    7    0.165415D-03
  1  1  1  3  3  3    2    2    2    4    8    8    0.174529D-03
  1  1  1  3  3  3    2    2    2    4    8    9    0.151178D-03
  1  1  1  3  3  3    2    2    2    4    9    1    0.134940D-03
  1  1  1  3  3  3    2    2    2    4    9    2    0.146879D-03
  1  1  1  3  3  3    2    2    2    4    9    3    0.153392D-03
  1  1  1  3  3  3    2    2    2    4    9    4    0.139049D-03
  1  1  1  3  3  3    2    2    2    4    9    5    0.149007D-03
  1  1  1  3  3  3    2    2    2    4    9    6    0.155650D-03
  1  1  1  3  3  3    2    2    2    4    9    7    0.143284D-03
  1  1  1  3  3  3    2    2    2    4    9    8    0.151178D-03
  1  1  1  3  3  3    2    2    2    4    9    9    0.130952D-03
  1  1  1  3  3  3    2    2    2    5    1    1    0.149007D-03
  1  1  1  3  3  3    2    2    2    5    1    2    0.162191D-03
  1  1  1  3  3  3    2    2    2    5    1    3    0.169383D-03
  1  1  1  3  3  3    2    2    2    5    1    4    0.153545D-03
  1  1  1  3  3  3    2    2    2    5    1    5    0.164542D-03
  1  1  1  3  3  3    2    2    2    5    1    6    0.171877D-03
  1  1  1  3  3  3    2    2    2    5    1    7    0.158222D-03
  1  1  1  3  3  3    2    2    2    5    1    8    0.166939D-03
  1  1  1  3  3  3    2    2    2    5    1    9    0.144604D-03
  1  1  1  3  3  3    2    2    2    5    2    1    0.162191D-03
  1  1  1  3  3  3    2    2    2    5    2    2    0.176541D-03
  1  1  1  3  3  3    2    2    2    5    2    3    0.184370D-03
  1  1  1  3  3  3    2    2    2    5    2    4    0.167131D-03
  1  1  1  3  3  3    2    2    2    5    2    5    0.179100D-03
  1  1  1  3  3  3    2    2    2    5    2    6    0.187084D-03
  1  1  1  3  3  3    2    2    2    5    2    7    0.172220D-03
  1  1  1  3  3  3    2    2    2    5    2    8    0.181709D-03
  1  1  1  3  3  3    2    2    2    5    2    9    0.157398D-03
  1  1  1  3  3  3    2    2    2    5    3    1    0.169383D-03
  1  1  1  3  3  3    2    2    2    5    3    2    0.184370D-03
  1  1  1  3  3  3    2    2    2    5    3    3    0.192546D-03
  1  1  1  3  3  3    2    2    2    5    3    4    0.174542D-03
  1  1  1  3  3  3    2    2    2    5    3    5    0.187042D-03
  1  1  1  3  3  3    2    2    2    5    3    6    0.195380D-03
  1  1  1  3  3  3    2    2    2    5    3    7    0.179857D-03
  1  1  1  3  3  3    2    2    2    5    3    8    0.189767D-03
  1  1  1  3  3  3    2    2    2    5    3    9    0.164377D-03
  1  1  1  3  3  3    2    2    2    5    4    1    0.153545D-03
  1  1  1  3  3  3    2    2    2    5    4    2    0.167131D-03
  1  1  1  3  3  3    2    2    2    5    4    3    0.174542D-03
  1  1  1  3  3  3    2    2    2    5    4    4    0.158222D-03
  1  1  1  3  3  3    2    2    2    5    4    5    0.169553D-03
  1  1  1  3  3  3    2    2    2    5    4    6    0.177111D-03
  1  1  1  3  3  3    2    2    2    5    4    7    0.163040D-03
  1  1  1  3  3  3    2    2    2    5    4    8    0.172023D-03
  1  1  1  3  3  3    2    2    2    5    4    9    0.149007D-03
  1  1  1  3  3  3    2    2    2    5    5    1    0.164542D-03
  1  1  1  3  3  3    2    2    2    5    5    2    0.179100D-03
  1  1  1  3  3  3    2    2    2    5    5    3    0.187042D-03
  1  1  1  3  3  3    2    2    2    5    5    4    0.169553D-03
  1  1  1  3  3  3    2    2    2    5    5    5    0.181695D-03
  1  1  1  3  3  3    2    2    2    5    5    6    0.189795D-03
  1  1  1  3  3  3    2    2    2    5    5    7    0.174716D-03
  1  1  1  3  3  3    2    2    2    5    5    8    0.184342D-03
  1  1  1  3  3  3    2    2    2    5    5    9    0.159679D-03
  1  1  1  3  3  3    2    2    2    5    6    1    0.171877D-03
  1  1  1  3  3  3    2    2    2    5    6    2    0.187084D-03
  1  1  1  3  3  3    2    2    2    5    6    3    0.195380D-03
  1  1  1  3  3  3    2    2    2    5    6    4    0.177111D-03
  1  1  1  3  3  3    2    2    2    5    6    5    0.189795D-03
  1  1  1  3  3  3    2    2    2    5    6    6    0.198256D-03
  1  1  1  3  3  3    2    2    2    5    6    7    0.182505D-03
  1  1  1  3  3  3    2    2    2    5    6    8    0.192560D-03
  1  1  1  3  3  3    2    2    2    5    6    9    0.166797D-03
  1  1  1  3  3  3    2    2    2    5    7    1    0.158222D-03
  1  1  1  3  3  3    2    2    2    5    7    2    0.172220D-03
  1  1  1  3  3  3    2    2    2    5    7    3    0.179857D-03
  1  1  1  3  3  3    2    2    2    5    7    4    0.163040D-03
  1  1  1  3  3  3    2    2    2    5    7    5    0.174716D-03
  1  1  1  3  3  3    2    2    2    5    7    6    0.182505D-03
  1  1  1  3  3  3    2    2    2    5    7    7    0.168005D-03
  1  1  1  3  3  3    2    2    2    5    7    8    0.177262D-03
  1  1  1  3  3  3    2    2    2    5    7    9    0.153545D-03
  1  1  1  3  3  3    2    2    2    5    8    1    0.166939D-03
  1  1  1  3  3  3    2    2    2    5    8    2    0.181709D-03
  1  1  1  3  3  3    2    2    2    5    8    3    0.189767D-03
  1  1  1  3  3  3    2    2    2    5    8    4    0.172023D-03
  1  1  1  3  3  3    2    2    2    5    8    5    0.184342D-03
  1  1  1  3  3  3    2    2    2    5    8    6    0.192560D-03
  1  1  1  3  3  3    2    2    2    5    8    7    0.177262D-03
  1  1  1  3  3  3    2    2    2    5    8    8    0.187028D-03
  1  1  1  3  3  3    2    2    2    5    8    9    0.162005D-03
  1  1  1  3  3  3    2    2    2    5    9    1    0.144604D-03
  1  1  1  3  3  3    2    2    2    5    9    2    0.157398D-03
  1  1  1  3  3  3    2    2    2    5    9    3    0.164377D-03
  1  1  1  3  3  3    2    2    2    5    9    4    0.149007D-03
  1  1  1  3  3  3    2    2    2    5    9    5    0.159679D-03
  1  1  1  3  3  3    2    2    2    5    9    6    0.166797D-03
  1  1  1  3  3  3    2    2    2    5    9    7    0.153545D-03
  1  1  1  3  3  3    2    2    2    5    9    8    0.162005D-03
  1  1  1  3  3  3    2    2    2    5    9    9    0.140330D-03
  1  1  1  3  3  3    2    2    2    6    1    1    0.155650D-03
  1  1  1  3  3  3    2    2    2    6    1    2    0.169421D-03
  1  1  1  3  3  3    2    2    2    6    1    3    0.176934D-03
  1  1  1  3  3  3    2    2    2    6    1    4    0.160390D-03
  1  1  1  3  3  3    2    2    2    6    1    5    0.171877D-03
  1  1  1  3  3  3    2    2    2    6    1    6    0.179539D-03
  1  1  1  3  3  3    2    2    2    6    1    7    0.165275D-03
  1  1  1  3  3  3    2    2    2    6    1    8    0.174381D-03
  1  1  1  3  3  3    2    2    2    6    1    9    0.151050D-03
  1  1  1  3  3  3    2    2    2    6    2    1    0.169421D-03
  1  1  1  3  3  3    2    2    2    6    2    2    0.184411D-03
  1  1  1  3  3  3    2    2    2    6    2    3    0.192589D-03
  1  1  1  3  3  3    2    2    2    6    2    4    0.174581D-03
  1  1  1  3  3  3    2    2    2    6    2    5    0.187084D-03
  1  1  1  3  3  3    2    2    2    6    2    6    0.195424D-03
  1  1  1  3  3  3    2    2    2    6    2    7    0.179898D-03
  1  1  1  3  3  3    2    2    2    6    2    8    0.189809D-03
  1  1  1  3  3  3    2    2    2    6    2    9    0.164414D-03
  1  1  1  3  3  3    2    2    2    6    3    1    0.176934D-03
  1  1  1  3  3  3    2    2    2    6    3    2    0.192589D-03
  1  1  1  3  3  3    2    2    2    6    3    3    0.201129D-03
  1  1  1  3  3  3    2    2    2    6    3    4    0.182323D-03
  1  1  1  3  3  3    2    2    2    6    3    5    0.195380D-03
  1  1  1  3  3  3    2    2    2    6    3    6    0.204089D-03
  1  1  1  3  3  3    2    2    2    6    3    7    0.187875D-03
  1  1  1  3  3  3    2    2    2    6    3    8    0.198226D-03
  1  1  1  3  3  3    2    2    2    6    3    9    0.171705D-03
  1  1  1  3  3  3    2    2    2    6    4    1    0.160390D-03
  1  1  1  3  3  3    2    2    2    6    4    2    0.174581D-03
  1  1  1  3  3  3    2    2    2    6    4    3    0.182323D-03
  1  1  1  3  3  3    2    2    2    6    4    4    0.165275D-03
  1  1  1  3  3  3    2    2    2    6    4    5    0.177111D-03
  1  1  1  3  3  3    2    2    2    6    4    6    0.185006D-03
  1  1  1  3  3  3    2    2    2    6    4    7    0.170308D-03
  1  1  1  3  3  3    2    2    2    6    4    8    0.179691D-03
  1  1  1  3  3  3    2    2    2    6    4    9    0.155650D-03
  1  1  1  3  3  3    2    2    2    6    5    1    0.171877D-03
  1  1  1  3  3  3    2    2    2    6    5    2    0.187084D-03
  1  1  1  3  3  3    2    2    2    6    5    3    0.195380D-03
  1  1  1  3  3  3    2    2    2    6    5    4    0.177111D-03
  1  1  1  3  3  3    2    2    2    6    5    5    0.189795D-03
  1  1  1  3  3  3    2    2    2    6    5    6    0.198256D-03
  1  1  1  3  3  3    2    2    2    6    5    7    0.182505D-03
  1  1  1  3  3  3    2    2    2    6    5    8    0.192560D-03
  1  1  1  3  3  3    2    2    2    6    5    9    0.166797D-03
  1  1  1  3  3  3    2    2    2    6    6    1    0.179539D-03
  1  1  1  3  3  3    2    2    2    6    6    2    0.195424D-03
  1  1  1  3  3  3    2    2    2    6    6    3    0.204089D-03
  1  1  1  3  3  3    2    2    2    6    6    4    0.185006D-03
  1  1  1  3  3  3    2    2    2    6    6    5    0.198256D-03
  1  1  1  3  3  3    2    2    2    6    6    6    0.207094D-03
  1  1  1  3  3  3    2    2    2    6    6    7    0.190641D-03
  1  1  1  3  3  3    2    2    2    6    6    8    0.201144D-03
  1  1  1  3  3  3    2    2    2    6    6    9    0.174232D-03
  1  1  1  3  3  3    2    2    2    6    7    1    0.165275D-03
  1  1  1  3  3  3    2    2    2    6    7    2    0.179898D-03
  1  1  1  3  3  3    2    2    2    6    7    3    0.187875D-03
  1  1  1  3  3  3    2    2    2    6    7    4    0.170308D-03
  1  1  1  3  3  3    2    2    2    6    7    5    0.182505D-03
  1  1  1  3  3  3    2    2    2    6    7    6    0.190641D-03
  1  1  1  3  3  3    2    2    2    6    7    7    0.175495D-03
  1  1  1  3  3  3    2    2    2    6    7    8    0.185164D-03
  1  1  1  3  3  3    2    2    2    6    7    9    0.160390D-03
  1  1  1  3  3  3    2    2    2    6    8    1    0.174381D-03
  1  1  1  3  3  3    2    2    2    6    8    2    0.189809D-03
  1  1  1  3  3  3    2    2    2    6    8    3    0.198226D-03
  1  1  1  3  3  3    2    2    2    6    8    4    0.179691D-03
  1  1  1  3  3  3    2    2    2    6    8    5    0.192560D-03
  1  1  1  3  3  3    2    2    2    6    8    6    0.201144D-03
  1  1  1  3  3  3    2    2    2    6    8    7    0.185164D-03
  1  1  1  3  3  3    2    2    2    6    8    8    0.195365D-03
  1  1  1  3  3  3    2    2    2    6    8    9    0.169227D-03
  1  1  1  3  3  3    2    2    2    6    9    1    0.151050D-03
  1  1  1  3  3  3    2    2    2    6    9    2    0.164414D-03
  1  1  1  3  3  3    2    2    2    6    9    3    0.171705D-03
  1  1  1  3  3  3    2    2    2    6    9    4    0.155650D-03
  1  1  1  3  3  3    2    2    2    6    9    5    0.166797D-03
  1  1  1  3  3  3    2    2    2    6    9    6    0.174232D-03
  1  1  1  3  3  3    2    2    2    6    9    7    0.160390D-03
  1  1  1  3  3  3    2    2    2    6    9    8    0.169227D-03
  1  1  1  3  3  3    2    2    2    6    9    9    0.146586D-03
  1  1  1  3  3  3    2    2    2    7    1    1    0.143284D-03
  1  1  1  3  3  3    2    2    2    7    1    2    0.155961D-03
  1  1  1  3  3  3    2    2    2    7    1    3    0.162877D-03
  1  1  1  3  3  3    2    2    2    7    1    4    0.147648D-03
  1  1  1  3  3  3    2    2    2    7    1    5    0.158222D-03
  1  1  1  3  3  3    2    2    2    7    1    6    0.165275D-03
  1  1  1  3  3  3    2    2    2    7    1    7    0.152144D-03
  1  1  1  3  3  3    2    2    2    7    1    8    0.160526D-03
  1  1  1  3  3  3    2    2    2    7    1    9    0.139049D-03
  1  1  1  3  3  3    2    2    2    7    2    1    0.155961D-03
  1  1  1  3  3  3    2    2    2    7    2    2    0.169760D-03
  1  1  1  3  3  3    2    2    2    7    2    3    0.177288D-03
  1  1  1  3  3  3    2    2    2    7    2    4    0.160711D-03
  1  1  1  3  3  3    2    2    2    7    2    5    0.172220D-03
  1  1  1  3  3  3    2    2    2    7    2    6    0.179898D-03
  1  1  1  3  3  3    2    2    2    7    2    7    0.165605D-03
  1  1  1  3  3  3    2    2    2    7    2    8    0.174729D-03
  1  1  1  3  3  3    2    2    2    7    2    9    0.151352D-03
  1  1  1  3  3  3    2    2    2    7    3    1    0.162877D-03
  1  1  1  3  3  3    2    2    2    7    3    2    0.177288D-03
  1  1  1  3  3  3    2    2    2    7    3    3    0.185150D-03
  1  1  1  3  3  3    2    2    2    7    3    4    0.167838D-03
  1  1  1  3  3  3    2    2    2    7    3    5    0.179857D-03
  1  1  1  3  3  3    2    2    2    7    3    6    0.187875D-03
  1  1  1  3  3  3    2    2    2    7    3    7    0.172949D-03
  1  1  1  3  3  3    2    2    2    7    3    8    0.182478D-03
  1  1  1  3  3  3    2    2    2    7    3    9    0.158063D-03
  1  1  1  3  3  3    2    2    2    7    4    1    0.147648D-03
  1  1  1  3  3  3    2    2    2    7    4    2    0.160711D-03
  1  1  1  3  3  3    2    2    2    7    4    3    0.167838D-03
  1  1  1  3  3  3    2    2    2    7    4    4    0.152144D-03
  1  1  1  3  3  3    2    2    2    7    4    5    0.163040D-03
  1  1  1  3  3  3    2    2    2    7    4    6    0.170308D-03
  1  1  1  3  3  3    2    2    2    7    4    7    0.156778D-03
  1  1  1  3  3  3    2    2    2    7    4    8    0.165415D-03
  1  1  1  3  3  3    2    2    2    7    4    9    0.143284D-03
  1  1  1  3  3  3    2    2    2    7    5    1    0.158222D-03
  1  1  1  3  3  3    2    2    2    7    5    2    0.172220D-03
  1  1  1  3  3  3    2    2    2    7    5    3    0.179857D-03
  1  1  1  3  3  3    2    2    2    7    5    4    0.163040D-03
  1  1  1  3  3  3    2    2    2    7    5    5    0.174716D-03
  1  1  1  3  3  3    2    2    2    7    5    6    0.182505D-03
  1  1  1  3  3  3    2    2    2    7    5    7    0.168005D-03
  1  1  1  3  3  3    2    2    2    7    5    8    0.177262D-03
  1  1  1  3  3  3    2    2    2    7    5    9    0.153545D-03
  1  1  1  3  3  3    2    2    2    7    6    1    0.165275D-03
  1  1  1  3  3  3    2    2    2    7    6    2    0.179898D-03
  1  1  1  3  3  3    2    2    2    7    6    3    0.187875D-03
  1  1  1  3  3  3    2    2    2    7    6    4    0.170308D-03
  1  1  1  3  3  3    2    2    2    7    6    5    0.182505D-03
  1  1  1  3  3  3    2    2    2    7    6    6    0.190641D-03
  1  1  1  3  3  3    2    2    2    7    6    7    0.175495D-03
  1  1  1  3  3  3    2    2    2    7    6    8    0.185164D-03
  1  1  1  3  3  3    2    2    2    7    6    9    0.160390D-03
  1  1  1  3  3  3    2    2    2    7    7    1    0.152144D-03
  1  1  1  3  3  3    2    2    2    7    7    2    0.165605D-03
  1  1  1  3  3  3    2    2    2    7    7    3    0.172949D-03
  1  1  1  3  3  3    2    2    2    7    7    4    0.156778D-03
  1  1  1  3  3  3    2    2    2    7    7    5    0.168005D-03
  1  1  1  3  3  3    2    2    2    7    7    6    0.175495D-03
  1  1  1  3  3  3    2    2    2    7    7    7    0.161552D-03
  1  1  1  3  3  3    2    2    2    7    7    8    0.170453D-03
  1  1  1  3  3  3    2    2    2    7    7    9    0.147648D-03
  1  1  1  3  3  3    2    2    2    7    8    1    0.160526D-03
  1  1  1  3  3  3    2    2    2    7    8    2    0.174729D-03
  1  1  1  3  3  3    2    2    2    7    8    3    0.182478D-03
  1  1  1  3  3  3    2    2    2    7    8    4    0.165415D-03
  1  1  1  3  3  3    2    2    2    7    8    5    0.177262D-03
  1  1  1  3  3  3    2    2    2    7    8    6    0.185164D-03
  1  1  1  3  3  3    2    2    2    7    8    7    0.170453D-03
  1  1  1  3  3  3    2    2    2    7    8    8    0.179844D-03
  1  1  1  3  3  3    2    2    2    7    8    9    0.155782D-03
  1  1  1  3  3  3    2    2    2    7    9    1    0.139049D-03
  1  1  1  3  3  3    2    2    2    7    9    2    0.151352D-03
  1  1  1  3  3  3    2    2    2    7    9    3    0.158063D-03
  1  1  1  3  3  3    2    2    2    7    9    4    0.143284D-03
  1  1  1  3  3  3    2    2    2    7    9    5    0.153545D-03
  1  1  1  3  3  3    2    2    2    7    9    6    0.160390D-03
  1  1  1  3  3  3    2    2    2    7    9    7    0.147648D-03
  1  1  1  3  3  3    2    2    2    7    9    8    0.155782D-03
  1  1  1  3  3  3    2    2    2    7    9    9    0.134940D-03
  1  1  1  3  3  3    2    2    2    8    1    1    0.151178D-03
  1  1  1  3  3  3    2    2    2    8    1    2    0.164554D-03
  1  1  1  3  3  3    2    2    2    8    1    3    0.171851D-03
  1  1  1  3  3  3    2    2    2    8    1    4    0.155782D-03
  1  1  1  3  3  3    2    2    2    8    1    5    0.166939D-03
  1  1  1  3  3  3    2    2    2    8    1    6    0.174381D-03
  1  1  1  3  3  3    2    2    2    8    1    7    0.160526D-03
  1  1  1  3  3  3    2    2    2    8    1    8    0.169371D-03
  1  1  1  3  3  3    2    2    2    8    1    9    0.146710D-03
  1  1  1  3  3  3    2    2    2    8    2    1    0.164554D-03
  1  1  1  3  3  3    2    2    2    8    2    2    0.179113D-03
  1  1  1  3  3  3    2    2    2    8    2    3    0.187056D-03
  1  1  1  3  3  3    2    2    2    8    2    4    0.169565D-03
  1  1  1  3  3  3    2    2    2    8    2    5    0.181709D-03
  1  1  1  3  3  3    2    2    2    8    2    6    0.189809D-03
  1  1  1  3  3  3    2    2    2    8    2    7    0.174729D-03
  1  1  1  3  3  3    2    2    2    8    2    8    0.184356D-03
  1  1  1  3  3  3    2    2    2    8    2    9    0.159691D-03
  1  1  1  3  3  3    2    2    2    8    3    1    0.171851D-03
  1  1  1  3  3  3    2    2    2    8    3    2    0.187056D-03
  1  1  1  3  3  3    2    2    2    8    3    3    0.195351D-03
  1  1  1  3  3  3    2    2    2    8    3    4    0.177085D-03
  1  1  1  3  3  3    2    2    2    8    3    5    0.189767D-03
  1  1  1  3  3  3    2    2    2    8    3    6    0.198226D-03
  1  1  1  3  3  3    2    2    2    8    3    7    0.182478D-03
  1  1  1  3  3  3    2    2    2    8    3    8    0.192531D-03
  1  1  1  3  3  3    2    2    2    8    3    9    0.166772D-03
  1  1  1  3  3  3    2    2    2    8    4    1    0.155782D-03
  1  1  1  3  3  3    2    2    2    8    4    2    0.169565D-03
  1  1  1  3  3  3    2    2    2    8    4    3    0.177085D-03
  1  1  1  3  3  3    2    2    2    8    4    4    0.160526D-03
  1  1  1  3  3  3    2    2    2    8    4    5    0.172023D-03
  1  1  1  3  3  3    2    2    2    8    4    6    0.179691D-03
  1  1  1  3  3  3    2    2    2    8    4    7    0.165415D-03
  1  1  1  3  3  3    2    2    2    8    4    8    0.174529D-03
  1  1  1  3  3  3    2    2    2    8    4    9    0.151178D-03
  1  1  1  3  3  3    2    2    2    8    5    1    0.166939D-03
  1  1  1  3  3  3    2    2    2    8    5    2    0.181709D-03
  1  1  1  3  3  3    2    2    2    8    5    3    0.189767D-03
  1  1  1  3  3  3    2    2    2    8    5    4    0.172023D-03
  1  1  1  3  3  3    2    2    2    8    5    5    0.184342D-03
  1  1  1  3  3  3    2    2    2    8    5    6    0.192560D-03
  1  1  1  3  3  3    2    2    2    8    5    7    0.177262D-03
  1  1  1  3  3  3    2    2    2    8    5    8    0.187028D-03
  1  1  1  3  3  3    2    2    2    8    5    9    0.162005D-03
  1  1  1  3  3  3    2    2    2    8    6    1    0.174381D-03
  1  1  1  3  3  3    2    2    2    8    6    2    0.189809D-03
  1  1  1  3  3  3    2    2    2    8    6    3    0.198226D-03
  1  1  1  3  3  3    2    2    2    8    6    4    0.179691D-03
  1  1  1  3  3  3    2    2    2    8    6    5    0.192560D-03
  1  1  1  3  3  3    2    2    2    8    6    6    0.201144D-03
  1  1  1  3  3  3    2    2    2    8    6    7    0.185164D-03
  1  1  1  3  3  3    2    2    2    8    6    8    0.195365D-03
  1  1  1  3  3  3    2    2    2    8    6    9    0.169227D-03
  1  1  1  3  3  3    2    2    2    8    7    1    0.160526D-03
  1  1  1  3  3  3    2    2    2    8    7    2    0.174729D-03
  1  1  1  3  3  3    2    2    2    8    7    3    0.182478D-03
  1  1  1  3  3  3    2    2    2    8    7    4    0.165415D-03
  1  1  1  3  3  3    2    2    2    8    7    5    0.177262D-03
  1  1  1  3  3  3    2    2    2    8    7    6    0.185164D-03
  1  1  1  3  3  3    2    2    2    8    7    7    0.170453D-03
  1  1  1  3  3  3    2    2    2    8    7    8    0.179844D-03
  1  1  1  3  3  3    2    2    2    8    7    9    0.155782D-03
  1  1  1  3  3  3    2    2    2    8    8    1    0.169371D-03
  1  1  1  3  3  3    2    2    2    8    8    2    0.184356D-03
  1  1  1  3  3  3    2    2    2    8    8    3    0.192531D-03
  1  1  1  3  3  3    2    2    2    8    8    4    0.174529D-03
  1  1  1  3  3  3    2    2    2    8    8    5    0.187028D-03
  1  1  1  3  3  3    2    2    2    8    8    6    0.195365D-03
  1  1  1  3  3  3    2    2    2    8    8    7    0.179844D-03
  1  1  1  3  3  3    2    2    2    8    8    8    0.189752D-03
  1  1  1  3  3  3    2    2    2    8    8    9    0.164365D-03
  1  1  1  3  3  3    2    2    2    8    9    1    0.146710D-03
  1  1  1  3  3  3    2    2    2    8    9    2    0.159691D-03
  1  1  1  3  3  3    2    2    2    8    9    3    0.166772D-03
  1  1  1  3  3  3    2    2    2    8    9    4    0.151178D-03
  1  1  1  3  3  3    2    2    2    8    9    5    0.162005D-03
  1  1  1  3  3  3    2    2    2    8    9    6    0.169227D-03
  1  1  1  3  3  3    2    2    2    8    9    7    0.155782D-03
  1  1  1  3  3  3    2    2    2    8    9    8    0.164365D-03
  1  1  1  3  3  3    2    2    2    8    9    9    0.142374D-03
  1  1  1  3  3  3    2    2    2    9    1    1    0.130952D-03
  1  1  1  3  3  3    2    2    2    9    1    2    0.142538D-03
  1  1  1  3  3  3    2    2    2    9    1    3    0.148859D-03
  1  1  1  3  3  3    2    2    2    9    1    4    0.134940D-03
  1  1  1  3  3  3    2    2    2    9    1    5    0.144604D-03
  1  1  1  3  3  3    2    2    2    9    1    6    0.151050D-03
  1  1  1  3  3  3    2    2    2    9    1    7    0.139049D-03
  1  1  1  3  3  3    2    2    2    9    1    8    0.146710D-03
  1  1  1  3  3  3    2    2    2    9    1    9    0.127081D-03
  1  1  1  3  3  3    2    2    2    9    2    1    0.142538D-03
  1  1  1  3  3  3    2    2    2    9    2    2    0.155149D-03
  1  1  1  3  3  3    2    2    2    9    2    3    0.162029D-03
  1  1  1  3  3  3    2    2    2    9    2    4    0.146879D-03
  1  1  1  3  3  3    2    2    2    9    2    5    0.157398D-03
  1  1  1  3  3  3    2    2    2    9    2    6    0.164414D-03
  1  1  1  3  3  3    2    2    2    9    2    7    0.151352D-03
  1  1  1  3  3  3    2    2    2    9    2    8    0.159691D-03
  1  1  1  3  3  3    2    2    2    9    2    9    0.138325D-03
  1  1  1  3  3  3    2    2    2    9    3    1    0.148859D-03
  1  1  1  3  3  3    2    2    2    9    3    2    0.162029D-03
  1  1  1  3  3  3    2    2    2    9    3    3    0.169214D-03
  1  1  1  3  3  3    2    2    2    9    3    4    0.153392D-03
  1  1  1  3  3  3    2    2    2    9    3    5    0.164377D-03
  1  1  1  3  3  3    2    2    2    9    3    6    0.171705D-03
  1  1  1  3  3  3    2    2    2    9    3    7    0.158063D-03
  1  1  1  3  3  3    2    2    2    9    3    8    0.166772D-03
  1  1  1  3  3  3    2    2    2    9    3    9    0.144459D-03
  1  1  1  3  3  3    2    2    2    9    4    1    0.134940D-03
  1  1  1  3  3  3    2    2    2    9    4    2    0.146879D-03
  1  1  1  3  3  3    2    2    2    9    4    3    0.153392D-03
  1  1  1  3  3  3    2    2    2    9    4    4    0.139049D-03
  1  1  1  3  3  3    2    2    2    9    4    5    0.149007D-03
  1  1  1  3  3  3    2    2    2    9    4    6    0.155650D-03
  1  1  1  3  3  3    2    2    2    9    4    7    0.143284D-03
  1  1  1  3  3  3    2    2    2    9    4    8    0.151178D-03
  1  1  1  3  3  3    2    2    2    9    4    9    0.130952D-03
  1  1  1  3  3  3    2    2    2    9    5    1    0.144604D-03
  1  1  1  3  3  3    2    2    2    9    5    2    0.157398D-03
  1  1  1  3  3  3    2    2    2    9    5    3    0.164377D-03
  1  1  1  3  3  3    2    2    2    9    5    4    0.149007D-03
  1  1  1  3  3  3    2    2    2    9    5    5    0.159679D-03
  1  1  1  3  3  3    2    2    2    9    5    6    0.166797D-03
  1  1  1  3  3  3    2    2    2    9    5    7    0.153545D-03
  1  1  1  3  3  3    2    2    2    9    5    8    0.162005D-03
  1  1  1  3  3  3    2    2    2    9    5    9    0.140330D-03
  1  1  1  3  3  3    2    2    2    9    6    1    0.151050D-03
  1  1  1  3  3  3    2    2    2    9    6    2    0.164414D-03
  1  1  1  3  3  3    2    2    2    9    6    3    0.171705D-03
  1  1  1  3  3  3    2    2    2    9    6    4    0.155650D-03
  1  1  1  3  3  3    2    2    2    9    6    5    0.166797D-03
  1  1  1  3  3  3    2    2    2    9    6    6    0.174232D-03
  1  1  1  3  3  3    2    2    2    9    6    7    0.160390D-03
  1  1  1  3  3  3    2    2    2    9    6    8    0.169227D-03
  1  1  1  3  3  3    2    2    2    9    6    9    0.146586D-03
  1  1  1  3  3  3    2    2    2    9    7    1    0.139049D-03
  1  1  1  3  3  3    2    2    2    9    7    2    0.151352D-03
  1  1  1  3  3  3    2    2    2    9    7    3    0.158063D-03
  1  1  1  3  3  3    2    2    2    9    7    4    0.143284D-03
  1  1  1  3  3  3    2    2    2    9    7    5    0.153545D-03
  1  1  1  3  3  3    2    2    2    9    7    6    0.160390D-03
  1  1  1  3  3  3    2    2    2    9    7    7    0.147648D-03
  1  1  1  3  3  3    2    2    2    9    7    8    0.155782D-03
  1  1  1  3  3  3    2    2    2    9    7    9    0.134940D-03
  1  1  1  3  3  3    2    2    2    9    8    1    0.146710D-03
  1  1  1  3  3  3    2    2    2    9    8    2    0.159691D-03
  1  1  1  3  3  3    2    2    2    9    8    3    0.166772D-03
  1  1  1  3  3  3    2    2    2    9    8    4    0.151178D-03
  1  1  1  3  3  3    2    2    2    9    8    5    0.162005D-03
  1  1  1  3  3  3    2    2    2    9    8    6    0.169227D-03
  1  1  1  3  3  3    2    2    2    9    8    7    0.155782D-03
  1  1  1  3  3  3    2    2    2    9    8    8    0.164365D-03
  1  1  1  3  3  3    2    2    2    9    8    9    0.142374D-03
  1  1  1  3  3  3    2    2    2    9    9    1    0.127081D-03
  1  1  1  3  3  3    2    2    2    9    9    2    0.138325D-03
  1  1  1  3  3  3    2    2    2    9    9    3    0.144459D-03
  1  1  1  3  3  3    2    2    2    9    9    4    0.130952D-03
  1  1  1  3  3  3    2    2    2    9    9    5    0.140330D-03
  1  1  1  3  3  3    2    2    2    9    9    6    0.146586D-03
  1  1  1  3  3  3    2    2    2    9    9    7    0.134940D-03
  1  1  1  3  3  3    2    2    2    9    9    8    0.142374D-03
  1  1  1  3  3  3    2    2    2    9    9    9    0.123326D-03
  1  1  1  3  3  3    1    1    1    1    1    1    0.226223D-03
  1  1  1  3  3  3    1    1    1    1    1    2    0.229605D-03
  1  1  1  3  3  3    1    1    1    1    1    3    0.220653D-03
  1  1  1  3  3  3    1    1    1    1    2    1    0.229605D-03
  1  1  1  3  3  3    1    1    1    1    2    2    0.233037D-03
  1  1  1  3  3  3    1    1    1    1    2    3    0.223952D-03
  1  1  1  3  3  3    1    1    1    1    3    1    0.220653D-03
  1  1  1  3  3  3    1    1    1    1    3    2    0.223952D-03
  1  1  1  3  3  3    1    1    1    1    3    3    0.215221D-03
  1  1  1  3  3  3    1    1    1    2    1    1    0.229605D-03
  1  1  1  3  3  3    1    1    1    2    1    2    0.233037D-03
  1  1  1  3  3  3    1    1    1    2    1    3    0.223952D-03
  1  1  1  3  3  3    1    1    1    2    2    1    0.233037D-03
  1  1  1  3  3  3    1    1    1    2    2    2    0.236520D-03
  1  1  1  3  3  3    1    1    1    2    2    3    0.227299D-03
  1  1  1  3  3  3    1    1    1    2    3    1    0.223952D-03
  1  1  1  3  3  3    1    1    1    2    3    2    0.227299D-03
  1  1  1  3  3  3    1    1    1    2    3    3    0.218438D-03
  1  1  1  3  3  3    1    1    1    3    1    1    0.220653D-03
  1  1  1  3  3  3    1    1    1    3    1    2    0.223952D-03
  1  1  1  3  3  3    1    1    1    3    1    3    0.215221D-03
  1  1  1  3  3  3    1    1    1    3    2    1    0.223952D-03
  1  1  1  3  3  3    1    1    1    3    2    2    0.227299D-03
  1  1  1  3  3  3    1    1    1    3    2    3    0.218438D-03
  1  1  1  3  3  3    1    1    1    3    3    1    0.215221D-03
  1  1  1  3  3  3    1    1    1    3    3    2    0.218438D-03
  1  1  1  3  3  3    1    1    1    3    3    3    0.209922D-03
  1  1  1  3  3  3    0    0    0    1    1    1    0.247342D-03
