  1  1  1  2  2  2    2    2    2    1    1    1    0.130952D-03
  1  1  1  2  2  2    2    2    2    1    1    2    0.143284D-03
  1  1  1  2  2  2    2    2    2    1    1    3    0.149627D-03
  1  1  1  2  2  2    2    2    2    1    1    4    0.134940D-03
  1  1  1  2  2  2    2    2    2    1    1    5    0.145357D-03
  1  1  1  2  2  2    2    2    2    1    1    6    0.151825D-03
  1  1  1  2  2  2    2    2    2    1    1    7    0.139049D-03
  1  1  1  2  2  2    2    2    2    1    1    8    0.147471D-03
  1  1  1  2  2  2    2    2    2    1    1    9    0.127081D-03
  1  1  1  2  2  2    2    2    2    1    2    1    0.143284D-03
  1  1  1  2  2  2    2    2    2    1    2    2    0.156778D-03
  1  1  1  2  2  2    2    2    2    1    2    3    0.163718D-03
  1  1  1  2  2  2    2    2    2    1    2    4    0.147648D-03
  1  1  1  2  2  2    2    2    2    1    2    5    0.159046D-03
  1  1  1  2  2  2    2    2    2    1    2    6    0.166123D-03
  1  1  1  2  2  2    2    2    2    1    2    7    0.152144D-03
  1  1  1  2  2  2    2    2    2    1    2    8    0.161359D-03
  1  1  1  2  2  2    2    2    2    1    2    9    0.139049D-03
  1  1  1  2  2  2    2    2    2    1    3    1    0.149627D-03
  1  1  1  2  2  2    2    2    2    1    3    2    0.163718D-03
  1  1  1  2  2  2    2    2    2    1    3    3    0.170965D-03
  1  1  1  2  2  2    2    2    2    1    3    4    0.154183D-03
  1  1  1  2  2  2    2    2    2    1    3    5    0.166086D-03
  1  1  1  2  2  2    2    2    2    1    3    6    0.173477D-03
  1  1  1  2  2  2    2    2    2    1    3    7    0.158879D-03
  1  1  1  2  2  2    2    2    2    1    3    8    0.168501D-03
  1  1  1  2  2  2    2    2    2    1    3    9    0.145204D-03
  1  1  1  2  2  2    2    2    2    1    4    1    0.134940D-03
  1  1  1  2  2  2    2    2    2    1    4    2    0.147648D-03
  1  1  1  2  2  2    2    2    2    1    4    3    0.154183D-03
  1  1  1  2  2  2    2    2    2    1    4    4    0.139049D-03
  1  1  1  2  2  2    2    2    2    1    4    5    0.149784D-03
  1  1  1  2  2  2    2    2    2    1    4    6    0.156449D-03
  1  1  1  2  2  2    2    2    2    1    4    7    0.143284D-03
  1  1  1  2  2  2    2    2    2    1    4    8    0.151962D-03
  1  1  1  2  2  2    2    2    2    1    4    9    0.130952D-03
  1  1  1  2  2  2    2    2    2    1    5    1    0.145357D-03
  1  1  1  2  2  2    2    2    2    1    5    2    0.159046D-03
  1  1  1  2  2  2    2    2    2    1    5    3    0.166086D-03
  1  1  1  2  2  2    2    2    2    1    5    4    0.149784D-03
  1  1  1  2  2  2    2    2    2    1    5    5    0.161347D-03
  1  1  1  2  2  2    2    2    2    1    5    6    0.168527D-03
  1  1  1  2  2  2    2    2    2    1    5    7    0.154345D-03
  1  1  1  2  2  2    2    2    2    1    5    8    0.163693D-03
  1  1  1  2  2  2    2    2    2    1    5    9    0.141061D-03
  1  1  1  2  2  2    2    2    2    1    6    1    0.151825D-03
  1  1  1  2  2  2    2    2    2    1    6    2    0.166123D-03
  1  1  1  2  2  2    2    2    2    1    6    3    0.173477D-03
  1  1  1  2  2  2    2    2    2    1    6    4    0.156449D-03
  1  1  1  2  2  2    2    2    2    1    6    5    0.168527D-03
  1  1  1  2  2  2    2    2    2    1    6    6    0.176026D-03
  1  1  1  2  2  2    2    2    2    1    6    7    0.161214D-03
  1  1  1  2  2  2    2    2    2    1    6    8    0.170977D-03
  1  1  1  2  2  2    2    2    2    1    6    9    0.147338D-03
  1  1  1  2  2  2    2    2    2    1    7    1    0.139049D-03
  1  1  1  2  2  2    2    2    2    1    7    2    0.152144D-03
  1  1  1  2  2  2    2    2    2    1    7    3    0.158879D-03
  1  1  1  2  2  2    2    2    2    1    7    4    0.143284D-03
  1  1  1  2  2  2    2    2    2    1    7    5    0.154345D-03
  1  1  1  2  2  2    2    2    2    1    7    6    0.161214D-03
  1  1  1  2  2  2    2    2    2    1    7    7    0.147648D-03
  1  1  1  2  2  2    2    2    2    1    7    8    0.156590D-03
  1  1  1  2  2  2    2    2    2    1    7    9    0.134940D-03
  1  1  1  2  2  2    2    2    2    1    8    1    0.147471D-03
  1  1  1  2  2  2    2    2    2    1    8    2    0.161359D-03
  1  1  1  2  2  2    2    2    2    1    8    3    0.168501D-03
  1  1  1  2  2  2    2    2    2    1    8    4    0.151962D-03
  1  1  1  2  2  2    2    2    2    1    8    5    0.163693D-03
  1  1  1  2  2  2    2    2    2    1    8    6    0.170977D-03
  1  1  1  2  2  2    2    2    2    1    8    7    0.156590D-03
  1  1  1  2  2  2    2    2    2    1    8    8    0.166074D-03
  1  1  1  2  2  2    2    2    2    1    8    9    0.143112D-03
  1  1  1  2  2  2    2    2    2    1    9    1    0.127081D-03
  1  1  1  2  2  2    2    2    2    1    9    2    0.139049D-03
  1  1  1  2  2  2    2    2    2    1    9    3    0.145204D-03
  1  1  1  2  2  2    2    2    2    1    9    4    0.130952D-03
  1  1  1  2  2  2    2    2    2    1    9    5    0.141061D-03
  1  1  1  2  2  2    2    2    2    1    9    6    0.147338D-03
  1  1  1  2  2  2    2    2    2    1    9    7    0.134940D-03
  1  1  1  2  2  2    2    2    2    1    9    8    0.143112D-03
  1  1  1  2  2  2    2    2    2    1    9    9    0.123326D-03
  1  1  1  2  2  2    2    2    2    2    1    1    0.143284D-03
  1  1  1  2  2  2    2    2    2    2    1    2    0.156778D-03
  1  1  1  2  2  2    2    2    2    2    1    3    0.163718D-03
  1  1  1  2  2  2    2    2    2    2    1    4    0.147648D-03
  1  1  1  2  2  2    2    2    2    2    1    5    0.159046D-03
  1  1  1  2  2  2    2    2    2    2    1    6    0.166123D-03
  1  1  1  2  2  2    2    2    2    2    1    7    0.152144D-03
  1  1  1  2  2  2    2    2    2    2    1    8    0.161359D-03
  1  1  1  2  2  2    2    2    2    2    1    9    0.139049D-03
  1  1  1  2  2  2    2    2    2    2    2    1    0.156778D-03
  1  1  1  2  2  2    2    2    2    2    2    2    0.171542D-03
  1  1  1  2  2  2    2    2    2    2    2    3    0.179136D-03
  1  1  1  2  2  2    2    2    2    2    2    4    0.161552D-03
  1  1  1  2  2  2    2    2    2    2    2    5    0.174024D-03
  1  1  1  2  2  2    2    2    2    2    2    6    0.181768D-03
  1  1  1  2  2  2    2    2    2    2    2    7    0.166472D-03
  1  1  1  2  2  2    2    2    2    2    2    8    0.176555D-03
  1  1  1  2  2  2    2    2    2    2    2    9    0.152144D-03
  1  1  1  2  2  2    2    2    2    2    3    1    0.163718D-03
  1  1  1  2  2  2    2    2    2    2    3    2    0.179136D-03
  1  1  1  2  2  2    2    2    2    2    3    3    0.187065D-03
  1  1  1  2  2  2    2    2    2    2    3    4    0.168703D-03
  1  1  1  2  2  2    2    2    2    2    3    5    0.181727D-03
  1  1  1  2  2  2    2    2    2    2    3    6    0.189814D-03
  1  1  1  2  2  2    2    2    2    2    3    7    0.173841D-03
  1  1  1  2  2  2    2    2    2    2    3    8    0.184370D-03
  1  1  1  2  2  2    2    2    2    2    3    9    0.158879D-03
  1  1  1  2  2  2    2    2    2    2    4    1    0.147648D-03
  1  1  1  2  2  2    2    2    2    2    4    2    0.161552D-03
  1  1  1  2  2  2    2    2    2    2    4    3    0.168703D-03
  1  1  1  2  2  2    2    2    2    2    4    4    0.152144D-03
  1  1  1  2  2  2    2    2    2    2    4    5    0.163889D-03
  1  1  1  2  2  2    2    2    2    2    4    6    0.171182D-03
  1  1  1  2  2  2    2    2    2    2    4    7    0.156778D-03
  1  1  1  2  2  2    2    2    2    2    4    8    0.166273D-03
  1  1  1  2  2  2    2    2    2    2    4    9    0.143284D-03
  1  1  1  2  2  2    2    2    2    2    5    1    0.159046D-03
  1  1  1  2  2  2    2    2    2    2    5    2    0.174024D-03
  1  1  1  2  2  2    2    2    2    2    5    3    0.181727D-03
  1  1  1  2  2  2    2    2    2    2    5    4    0.163889D-03
  1  1  1  2  2  2    2    2    2    2    5    5    0.176541D-03
  1  1  1  2  2  2    2    2    2    2    5    6    0.184397D-03
  1  1  1  2  2  2    2    2    2    2    5    7    0.168881D-03
  1  1  1  2  2  2    2    2    2    2    5    8    0.179109D-03
  1  1  1  2  2  2    2    2    2    2    5    9    0.154345D-03
  1  1  1  2  2  2    2    2    2    2    6    1    0.166123D-03
  1  1  1  2  2  2    2    2    2    2    6    2    0.181768D-03
  1  1  1  2  2  2    2    2    2    2    6    3    0.189814D-03
  1  1  1  2  2  2    2    2    2    2    6    4    0.171182D-03
  1  1  1  2  2  2    2    2    2    2    6    5    0.184397D-03
  1  1  1  2  2  2    2    2    2    2    6    6    0.192603D-03
  1  1  1  2  2  2    2    2    2    2    6    7    0.176396D-03
  1  1  1  2  2  2    2    2    2    2    6    8    0.187079D-03
  1  1  1  2  2  2    2    2    2    2    6    9    0.161214D-03
  1  1  1  2  2  2    2    2    2    2    7    1    0.152144D-03
  1  1  1  2  2  2    2    2    2    2    7    2    0.166472D-03
  1  1  1  2  2  2    2    2    2    2    7    3    0.173841D-03
  1  1  1  2  2  2    2    2    2    2    7    4    0.156778D-03
  1  1  1  2  2  2    2    2    2    2    7    5    0.168881D-03
  1  1  1  2  2  2    2    2    2    2    7    6    0.176396D-03
  1  1  1  2  2  2    2    2    2    2    7    7    0.161552D-03
  1  1  1  2  2  2    2    2    2    2    7    8    0.171337D-03
  1  1  1  2  2  2    2    2    2    2    7    9    0.147648D-03
  1  1  1  2  2  2    2    2    2    2    8    1    0.161359D-03
  1  1  1  2  2  2    2    2    2    2    8    2    0.176555D-03
  1  1  1  2  2  2    2    2    2    2    8    3    0.184370D-03
  1  1  1  2  2  2    2    2    2    2    8    4    0.166273D-03
  1  1  1  2  2  2    2    2    2    2    8    5    0.179109D-03
  1  1  1  2  2  2    2    2    2    2    8    6    0.187079D-03
  1  1  1  2  2  2    2    2    2    2    8    7    0.171337D-03
  1  1  1  2  2  2    2    2    2    2    8    8    0.181713D-03
  1  1  1  2  2  2    2    2    2    2    8    9    0.156590D-03
  1  1  1  2  2  2    2    2    2    2    9    1    0.139049D-03
  1  1  1  2  2  2    2    2    2    2    9    2    0.152144D-03
  1  1  1  2  2  2    2    2    2    2    9    3    0.158879D-03
  1  1  1  2  2  2    2    2    2    2    9    4    0.143284D-03
  1  1  1  2  2  2    2    2    2    2    9    5    0.154345D-03
  1  1  1  2  2  2    2    2    2    2    9    6    0.161214D-03
  1  1  1  2  2  2    2    2    2    2    9    7    0.147648D-03
  1  1  1  2  2  2    2    2    2    2    9    8    0.156590D-03
  1  1  1  2  2  2    2    2    2    2    9    9    0.134940D-03
  1  1  1  2  2  2    2    2    2    3    1    1    0.149627D-03
  1  1  1  2  2  2    2    2    2    3    1    2    0.163718D-03
  1  1  1  2  2  2    2    2    2    3    1    3    0.170965D-03
  1  1  1  2  2  2    2    2    2    3    1    4    0.154183D-03
  1  1  1  2  2  2    2    2    2    3    1    5    0.166086D-03
  1  1  1  2  2  2    2    2    2    3    1    6    0.173477D-03
  1  1  1  2  2  2    2    2    2    3    1    7    0.158879D-03
  1  1  1  2  2  2    2    2    2    3    1    8    0.168501D-03
  1  1  1  2  2  2    2    2    2    3    1    9    0.145204D-03
  1  1  1  2  2  2    2    2    2    3    2    1    0.163718D-03
  1  1  1  2  2  2    2    2    2    3    2    2    0.179136D-03
  1  1  1  2  2  2    2    2    2    3    2    3    0.187065D-03
  1  1  1  2  2  2    2    2    2    3    2    4    0.168703D-03
  1  1  1  2  2  2    2    2    2    3    2    5    0.181727D-03
  1  1  1  2  2  2    2    2    2    3    2    6    0.189814D-03
  1  1  1  2  2  2    2    2    2    3    2    7    0.173841D-03
  1  1  1  2  2  2    2    2    2    3    2    8    0.184370D-03
  1  1  1  2  2  2    2    2    2    3    2    9    0.158879D-03
  1  1  1  2  2  2    2    2    2    3    3    1    0.170965D-03
  1  1  1  2  2  2    2    2    2    3    3    2    0.187065D-03
  1  1  1  2  2  2    2    2    2    3    3    3    0.195346D-03
  1  1  1  2  2  2    2    2    2    3    3    4    0.176171D-03
  1  1  1  2  2  2    2    2    2    3    3    5    0.189771D-03
  1  1  1  2  2  2    2    2    2    3    3    6    0.198216D-03
  1  1  1  2  2  2    2    2    2    3    3    7    0.181536D-03
  1  1  1  2  2  2    2    2    2    3    3    8    0.192531D-03
  1  1  1  2  2  2    2    2    2    3    3    9    0.165912D-03
  1  1  1  2  2  2    2    2    2    3    4    1    0.154183D-03
  1  1  1  2  2  2    2    2    2    3    4    2    0.168703D-03
  1  1  1  2  2  2    2    2    2    3    4    3    0.176171D-03
  1  1  1  2  2  2    2    2    2    3    4    4    0.158879D-03
  1  1  1  2  2  2    2    2    2    3    4    5    0.171144D-03
  1  1  1  2  2  2    2    2    2    3    4    6    0.178760D-03
  1  1  1  2  2  2    2    2    2    3    4    7    0.163718D-03
  1  1  1  2  2  2    2    2    2    3    4    8    0.173633D-03
  1  1  1  2  2  2    2    2    2    3    4    9    0.149627D-03
  1  1  1  2  2  2    2    2    2    3    5    1    0.166086D-03
  1  1  1  2  2  2    2    2    2    3    5    2    0.181727D-03
  1  1  1  2  2  2    2    2    2    3    5    3    0.189771D-03
  1  1  1  2  2  2    2    2    2    3    5    4    0.171144D-03
  1  1  1  2  2  2    2    2    2    3    5    5    0.184356D-03
  1  1  1  2  2  2    2    2    2    3    5    6    0.192560D-03
  1  1  1  2  2  2    2    2    2    3    5    7    0.176356D-03
  1  1  1  2  2  2    2    2    2    3    5    8    0.187037D-03
  1  1  1  2  2  2    2    2    2    3    5    9    0.161177D-03
  1  1  1  2  2  2    2    2    2    3    6    1    0.173477D-03
  1  1  1  2  2  2    2    2    2    3    6    2    0.189814D-03
  1  1  1  2  2  2    2    2    2    3    6    3    0.198216D-03
  1  1  1  2  2  2    2    2    2    3    6    4    0.178760D-03
  1  1  1  2  2  2    2    2    2    3    6    5    0.192560D-03
  1  1  1  2  2  2    2    2    2    3    6    6    0.201129D-03
  1  1  1  2  2  2    2    2    2    3    6    7    0.184204D-03
  1  1  1  2  2  2    2    2    2    3    6    8    0.195360D-03
  1  1  1  2  2  2    2    2    2    3    6    9    0.168350D-03
  1  1  1  2  2  2    2    2    2    3    7    1    0.158879D-03
  1  1  1  2  2  2    2    2    2    3    7    2    0.173841D-03
  1  1  1  2  2  2    2    2    2    3    7    3    0.181536D-03
  1  1  1  2  2  2    2    2    2    3    7    4    0.163718D-03
  1  1  1  2  2  2    2    2    2    3    7    5    0.176356D-03
  1  1  1  2  2  2    2    2    2    3    7    6    0.184204D-03
  1  1  1  2  2  2    2    2    2    3    7    7    0.168703D-03
  1  1  1  2  2  2    2    2    2    3    7    8    0.178921D-03
  1  1  1  2  2  2    2    2    2    3    7    9    0.154183D-03
  1  1  1  2  2  2    2    2    2    3    8    1    0.168501D-03
  1  1  1  2  2  2    2    2    2    3    8    2    0.184370D-03
  1  1  1  2  2  2    2    2    2    3    8    3    0.192531D-03
  1  1  1  2  2  2    2    2    2    3    8    4    0.173633D-03
  1  1  1  2  2  2    2    2    2    3    8    5    0.187037D-03
  1  1  1  2  2  2    2    2    2    3    8    6    0.195360D-03
  1  1  1  2  2  2    2    2    2    3    8    7    0.178921D-03
  1  1  1  2  2  2    2    2    2    3    8    8    0.189757D-03
  1  1  1  2  2  2    2    2    2    3    8    9    0.163521D-03
  1  1  1  2  2  2    2    2    2    3    9    1    0.145204D-03
  1  1  1  2  2  2    2    2    2    3    9    2    0.158879D-03
  1  1  1  2  2  2    2    2    2    3    9    3    0.165912D-03
  1  1  1  2  2  2    2    2    2    3    9    4    0.149627D-03
  1  1  1  2  2  2    2    2    2    3    9    5    0.161177D-03
  1  1  1  2  2  2    2    2    2    3    9    6    0.168350D-03
  1  1  1  2  2  2    2    2    2    3    9    7    0.154183D-03
  1  1  1  2  2  2    2    2    2    3    9    8    0.163521D-03
  1  1  1  2  2  2    2    2    2    3    9    9    0.140913D-03
  1  1  1  2  2  2    2    2    2    4    1    1    0.134940D-03
  1  1  1  2  2  2    2    2    2    4    1    2    0.147648D-03
  1  1  1  2  2  2    2    2    2    4    1    3    0.154183D-03
  1  1  1  2  2  2    2    2    2    4    1    4    0.139049D-03
  1  1  1  2  2  2    2    2    2    4    1    5    0.149784D-03
  1  1  1  2  2  2    2    2    2    4    1    6    0.156449D-03
  1  1  1  2  2  2    2    2    2    4    1    7    0.143284D-03
  1  1  1  2  2  2    2    2    2    4    1    8    0.151962D-03
  1  1  1  2  2  2    2    2    2    4    1    9    0.130952D-03
  1  1  1  2  2  2    2    2    2    4    2    1    0.147648D-03
  1  1  1  2  2  2    2    2    2    4    2    2    0.161552D-03
  1  1  1  2  2  2    2    2    2    4    2    3    0.168703D-03
  1  1  1  2  2  2    2    2    2    4    2    4    0.152144D-03
  1  1  1  2  2  2    2    2    2    4    2    5    0.163889D-03
  1  1  1  2  2  2    2    2    2    4    2    6    0.171182D-03
  1  1  1  2  2  2    2    2    2    4    2    7    0.156778D-03
  1  1  1  2  2  2    2    2    2    4    2    8    0.166273D-03
  1  1  1  2  2  2    2    2    2    4    2    9    0.143284D-03
  1  1  1  2  2  2    2    2    2    4    3    1    0.154183D-03
  1  1  1  2  2  2    2    2    2    4    3    2    0.168703D-03
  1  1  1  2  2  2    2    2    2    4    3    3    0.176171D-03
  1  1  1  2  2  2    2    2    2    4    3    4    0.158879D-03
  1  1  1  2  2  2    2    2    2    4    3    5    0.171144D-03
  1  1  1  2  2  2    2    2    2    4    3    6    0.178760D-03
  1  1  1  2  2  2    2    2    2    4    3    7    0.163718D-03
  1  1  1  2  2  2    2    2    2    4    3    8    0.173633D-03
  1  1  1  2  2  2    2    2    2    4    3    9    0.149627D-03
  1  1  1  2  2  2    2    2    2    4    4    1    0.139049D-03
  1  1  1  2  2  2    2    2    2    4    4    2    0.152144D-03
  1  1  1  2  2  2    2    2    2    4    4    3    0.158879D-03
  1  1  1  2  2  2    2    2    2    4    4    4    0.143284D-03
  1  1  1  2  2  2    2    2    2    4    4    5    0.154345D-03
  1  1  1  2  2  2    2    2    2    4    4    6    0.161214D-03
  1  1  1  2  2  2    2    2    2    4    4    7    0.147648D-03
  1  1  1  2  2  2    2    2    2    4    4    8    0.156590D-03
  1  1  1  2  2  2    2    2    2    4    4    9    0.134940D-03
  1  1  1  2  2  2    2    2    2    4    5    1    0.149784D-03
  1  1  1  2  2  2    2    2    2    4    5    2    0.163889D-03
  1  1  1  2  2  2    2    2    2    4    5    3    0.171144D-03
  1  1  1  2  2  2    2    2    2    4    5    4    0.154345D-03
  1  1  1  2  2  2    2    2    2    4    5    5    0.166260D-03
  1  1  1  2  2  2    2    2    2    4    5    6    0.173659D-03
  1  1  1  2  2  2    2    2    2    4    5    7    0.159046D-03
  1  1  1  2  2  2    2    2    2    4    5    8    0.168678D-03
  1  1  1  2  2  2    2    2    2    4    5    9    0.145357D-03
  1  1  1  2  2  2    2    2    2    4    6    1    0.156449D-03
  1  1  1  2  2  2    2    2    2    4    6    2    0.171182D-03
  1  1  1  2  2  2    2    2    2    4    6    3    0.178760D-03
  1  1  1  2  2  2    2    2    2    4    6    4    0.161214D-03
  1  1  1  2  2  2    2    2    2    4    6    5    0.173659D-03
  1  1  1  2  2  2    2    2    2    4    6    6    0.181387D-03
  1  1  1  2  2  2    2    2    2    4    6    7    0.166123D-03
  1  1  1  2  2  2    2    2    2    4    6    8    0.176184D-03
  1  1  1  2  2  2    2    2    2    4    6    9    0.151825D-03
  1  1  1  2  2  2    2    2    2    4    7    1    0.143284D-03
  1  1  1  2  2  2    2    2    2    4    7    2    0.156778D-03
  1  1  1  2  2  2    2    2    2    4    7    3    0.163718D-03
  1  1  1  2  2  2    2    2    2    4    7    4    0.147648D-03
  1  1  1  2  2  2    2    2    2    4    7    5    0.159046D-03
  1  1  1  2  2  2    2    2    2    4    7    6    0.166123D-03
  1  1  1  2  2  2    2    2    2    4    7    7    0.152144D-03
  1  1  1  2  2  2    2    2    2    4    7    8    0.161359D-03
  1  1  1  2  2  2    2    2    2    4    7    9    0.139049D-03
  1  1  1  2  2  2    2    2    2    4    8    1    0.151962D-03
  1  1  1  2  2  2    2    2    2    4    8    2    0.166273D-03
  1  1  1  2  2  2    2    2    2    4    8    3    0.173633D-03
  1  1  1  2  2  2    2    2    2    4    8    4    0.156590D-03
  1  1  1  2  2  2    2    2    2    4    8    5    0.168678D-03
  1  1  1  2  2  2    2    2    2    4    8    6    0.176184D-03
  1  1  1  2  2  2    2    2    2    4    8    7    0.161359D-03
  1  1  1  2  2  2    2    2    2    4    8    8    0.171131D-03
  1  1  1  2  2  2    2    2    2    4    8    9    0.147471D-03
  1  1  1  2  2  2    2    2    2    4    9    1    0.130952D-03
  1  1  1  2  2  2    2    2    2    4    9    2    0.143284D-03
  1  1  1  2  2  2    2    2    2    4    9    3    0.149627D-03
  1  1  1  2  2  2    2    2    2    4    9    4    0.134940D-03
  1  1  1  2  2  2    2    2    2    4    9    5    0.145357D-03
  1  1  1  2  2  2    2    2    2    4    9    6    0.151825D-03
  1  1  1  2  2  2    2    2    2    4    9    7    0.139049D-03
  1  1  1  2  2  2    2    2    2    4    9    8    0.147471D-03
  1  1  1  2  2  2    2    2    2    4    9    9    0.127081D-03
  1  1  1  2  2  2    2    2    2    5    1    1    0.145357D-03
  1  1  1  2  2  2    2    2    2    5    1    2    0.159046D-03
  1  1  1  2  2  2    2    2    2    5    1    3    0.166086D-03
  1  1  1  2  2  2    2    2    2    5    1    4    0.149784D-03
  1  1  1  2  2  2    2    2    2    5    1    5    0.161347D-03
  1  1  1  2  2  2    2    2    2    5    1    6    0.168527D-03
  1  1  1  2  2  2    2    2    2    5    1    7    0.154345D-03
  1  1  1  2  2  2    2    2    2    5    1    8    0.163693D-03
  1  1  1  2  2  2    2    2    2    5    1    9    0.141061D-03
  1  1  1  2  2  2    2    2    2    5    2    1    0.159046D-03
  1  1  1  2  2  2    2    2    2    5    2    2    0.174024D-03
  1  1  1  2  2  2    2    2    2    5    2    3    0.181727D-03
  1  1  1  2  2  2    2    2    2    5    2    4    0.163889D-03
  1  1  1  2  2  2    2    2    2    5    2    5    0.176541D-03
  1  1  1  2  2  2    2    2    2    5    2    6    0.184397D-03
  1  1  1  2  2  2    2    2    2    5    2    7    0.168881D-03
  1  1  1  2  2  2    2    2    2    5    2    8    0.179109D-03
  1  1  1  2  2  2    2    2    2    5    2    9    0.154345D-03
  1  1  1  2  2  2    2    2    2    5    3    1    0.166086D-03
  1  1  1  2  2  2    2    2    2    5    3    2    0.181727D-03
  1  1  1  2  2  2    2    2    2    5    3    3    0.189771D-03
  1  1  1  2  2  2    2    2    2    5    3    4    0.171144D-03
  1  1  1  2  2  2    2    2    2    5    3    5    0.184356D-03
  1  1  1  2  2  2    2    2    2    5    3    6    0.192560D-03
  1  1  1  2  2  2    2    2    2    5    3    7    0.176356D-03
  1  1  1  2  2  2    2    2    2    5    3    8    0.187037D-03
  1  1  1  2  2  2    2    2    2    5    3    9    0.161177D-03
  1  1  1  2  2  2    2    2    2    5    4    1    0.149784D-03
  1  1  1  2  2  2    2    2    2    5    4    2    0.163889D-03
  1  1  1  2  2  2    2    2    2    5    4    3    0.171144D-03
  1  1  1  2  2  2    2    2    2    5    4    4    0.154345D-03
  1  1  1  2  2  2    2    2    2    5    4    5    0.166260D-03
  1  1  1  2  2  2    2    2    2    5    4    6    0.173659D-03
  1  1  1  2  2  2    2    2    2    5    4    7    0.159046D-03
  1  1  1  2  2  2    2    2    2    5    4    8    0.168678D-03
  1  1  1  2  2  2    2    2    2    5    4    9    0.145357D-03
  1  1  1  2  2  2    2    2    2    5    5    1    0.161347D-03
  1  1  1  2  2  2    2    2    2    5    5    2    0.176541D-03
  1  1  1  2  2  2    2    2    2    5    5    3    0.184356D-03
  1  1  1  2  2  2    2    2    2    5    5    4    0.166260D-03
  1  1  1  2  2  2    2    2    2    5    5    5    0.179095D-03
  1  1  1  2  2  2    2    2    2    5    5    6    0.187065D-03
  1  1  1  2  2  2    2    2    2    5    5    7    0.171324D-03
  1  1  1  2  2  2    2    2    2    5    5    8    0.181700D-03
  1  1  1  2  2  2    2    2    2    5    5    9    0.156578D-03
  1  1  1  2  2  2    2    2    2    5    6    1    0.168527D-03
  1  1  1  2  2  2    2    2    2    5    6    2    0.184397D-03
  1  1  1  2  2  2    2    2    2    5    6    3    0.192560D-03
  1  1  1  2  2  2    2    2    2    5    6    4    0.173659D-03
  1  1  1  2  2  2    2    2    2    5    6    5    0.187065D-03
  1  1  1  2  2  2    2    2    2    5    6    6    0.195390D-03
  1  1  1  2  2  2    2    2    2    5    6    7    0.178948D-03
  1  1  1  2  2  2    2    2    2    5    6    8    0.189786D-03
  1  1  1  2  2  2    2    2    2    5    6    9    0.163546D-03
  1  1  1  2  2  2    2    2    2    5    7    1    0.154345D-03
  1  1  1  2  2  2    2    2    2    5    7    2    0.168881D-03
  1  1  1  2  2  2    2    2    2    5    7    3    0.176356D-03
  1  1  1  2  2  2    2    2    2    5    7    4    0.159046D-03
  1  1  1  2  2  2    2    2    2    5    7    5    0.171324D-03
  1  1  1  2  2  2    2    2    2    5    7    6    0.178948D-03
  1  1  1  2  2  2    2    2    2    5    7    7    0.163889D-03
  1  1  1  2  2  2    2    2    2    5    7    8    0.173815D-03
  1  1  1  2  2  2    2    2    2    5    7    9    0.149784D-03
  1  1  1  2  2  2    2    2    2    5    8    1    0.163693D-03
  1  1  1  2  2  2    2    2    2    5    8    2    0.179109D-03
  1  1  1  2  2  2    2    2    2    5    8    3    0.187037D-03
  1  1  1  2  2  2    2    2    2    5    8    4    0.168678D-03
  1  1  1  2  2  2    2    2    2    5    8    5    0.181700D-03
  1  1  1  2  2  2    2    2    2    5    8    6    0.189786D-03
  1  1  1  2  2  2    2    2    2    5    8    7    0.173815D-03
  1  1  1  2  2  2    2    2    2    5    8    8    0.184342D-03
  1  1  1  2  2  2    2    2    2    5    8    9    0.158855D-03
  1  1  1  2  2  2    2    2    2    5    9    1    0.141061D-03
  1  1  1  2  2  2    2    2    2    5    9    2    0.154345D-03
  1  1  1  2  2  2    2    2    2    5    9    3    0.161177D-03
  1  1  1  2  2  2    2    2    2    5    9    4    0.145357D-03
  1  1  1  2  2  2    2    2    2    5    9    5    0.156578D-03
  1  1  1  2  2  2    2    2    2    5    9    6    0.163546D-03
  1  1  1  2  2  2    2    2    2    5    9    7    0.149784D-03
  1  1  1  2  2  2    2    2    2    5    9    8    0.158855D-03
  1  1  1  2  2  2    2    2    2    5    9    9    0.136892D-03
  1  1  1  2  2  2    2    2    2    6    1    1    0.151825D-03
  1  1  1  2  2  2    2    2    2    6    1    2    0.166123D-03
  1  1  1  2  2  2    2    2    2    6    1    3    0.173477D-03
  1  1  1  2  2  2    2    2    2    6    1    4    0.156449D-03
  1  1  1  2  2  2    2    2    2    6    1    5    0.168527D-03
  1  1  1  2  2  2    2    2    2    6    1    6    0.176026D-03
  1  1  1  2  2  2    2    2    2    6    1    7    0.161214D-03
  1  1  1  2  2  2    2    2    2    6    1    8    0.170977D-03
  1  1  1  2  2  2    2    2    2    6    1    9    0.147338D-03
  1  1  1  2  2  2    2    2    2    6    2    1    0.166123D-03
  1  1  1  2  2  2    2    2    2    6    2    2    0.181768D-03
  1  1  1  2  2  2    2    2    2    6    2    3    0.189814D-03
  1  1  1  2  2  2    2    2    2    6    2    4    0.171182D-03
  1  1  1  2  2  2    2    2    2    6    2    5    0.184397D-03
  1  1  1  2  2  2    2    2    2    6    2    6    0.192603D-03
  1  1  1  2  2  2    2    2    2    6    2    7    0.176396D-03
  1  1  1  2  2  2    2    2    2    6    2    8    0.187079D-03
  1  1  1  2  2  2    2    2    2    6    2    9    0.161214D-03
  1  1  1  2  2  2    2    2    2    6    3    1    0.173477D-03
  1  1  1  2  2  2    2    2    2    6    3    2    0.189814D-03
  1  1  1  2  2  2    2    2    2    6    3    3    0.198216D-03
  1  1  1  2  2  2    2    2    2    6    3    4    0.178760D-03
  1  1  1  2  2  2    2    2    2    6    3    5    0.192560D-03
  1  1  1  2  2  2    2    2    2    6    3    6    0.201129D-03
  1  1  1  2  2  2    2    2    2    6    3    7    0.184204D-03
  1  1  1  2  2  2    2    2    2    6    3    8    0.195360D-03
  1  1  1  2  2  2    2    2    2    6    3    9    0.168350D-03
  1  1  1  2  2  2    2    2    2    6    4    1    0.156449D-03
  1  1  1  2  2  2    2    2    2    6    4    2    0.171182D-03
  1  1  1  2  2  2    2    2    2    6    4    3    0.178760D-03
  1  1  1  2  2  2    2    2    2    6    4    4    0.161214D-03
  1  1  1  2  2  2    2    2    2    6    4    5    0.173659D-03
  1  1  1  2  2  2    2    2    2    6    4    6    0.181387D-03
  1  1  1  2  2  2    2    2    2    6    4    7    0.166123D-03
  1  1  1  2  2  2    2    2    2    6    4    8    0.176184D-03
  1  1  1  2  2  2    2    2    2    6    4    9    0.151825D-03
  1  1  1  2  2  2    2    2    2    6    5    1    0.168527D-03
  1  1  1  2  2  2    2    2    2    6    5    2    0.184397D-03
  1  1  1  2  2  2    2    2    2    6    5    3    0.192560D-03
  1  1  1  2  2  2    2    2    2    6    5    4    0.173659D-03
  1  1  1  2  2  2    2    2    2    6    5    5    0.187065D-03
  1  1  1  2  2  2    2    2    2    6    5    6    0.195390D-03
  1  1  1  2  2  2    2    2    2    6    5    7    0.178948D-03
  1  1  1  2  2  2    2    2    2    6    5    8    0.189786D-03
  1  1  1  2  2  2    2    2    2    6    5    9    0.163546D-03
  1  1  1  2  2  2    2    2    2    6    6    1    0.176026D-03
  1  1  1  2  2  2    2    2    2    6    6    2    0.192603D-03
  1  1  1  2  2  2    2    2    2    6    6    3    0.201129D-03
  1  1  1  2  2  2    2    2    2    6    6    4    0.181387D-03
  1  1  1  2  2  2    2    2    2    6    6    5    0.195390D-03
  1  1  1  2  2  2    2    2    2    6    6    6    0.204084D-03
  1  1  1  2  2  2    2    2    2    6    6    7    0.186911D-03
  1  1  1  2  2  2    2    2    2    6    6    8    0.198231D-03
  1  1  1  2  2  2    2    2    2    6    6    9    0.170824D-03
  1  1  1  2  2  2    2    2    2    6    7    1    0.161214D-03
  1  1  1  2  2  2    2    2    2    6    7    2    0.176396D-03
  1  1  1  2  2  2    2    2    2    6    7    3    0.184204D-03
  1  1  1  2  2  2    2    2    2    6    7    4    0.166123D-03
  1  1  1  2  2  2    2    2    2    6    7    5    0.178948D-03
  1  1  1  2  2  2    2    2    2    6    7    6    0.186911D-03
  1  1  1  2  2  2    2    2    2    6    7    7    0.171182D-03
  1  1  1  2  2  2    2    2    2    6    7    8    0.181550D-03
  1  1  1  2  2  2    2    2    2    6    7    9    0.156449D-03
  1  1  1  2  2  2    2    2    2    6    8    1    0.170977D-03
  1  1  1  2  2  2    2    2    2    6    8    2    0.187079D-03
  1  1  1  2  2  2    2    2    2    6    8    3    0.195360D-03
  1  1  1  2  2  2    2    2    2    6    8    4    0.176184D-03
  1  1  1  2  2  2    2    2    2    6    8    5    0.189786D-03
  1  1  1  2  2  2    2    2    2    6    8    6    0.198231D-03
  1  1  1  2  2  2    2    2    2    6    8    7    0.181550D-03
  1  1  1  2  2  2    2    2    2    6    8    8    0.192546D-03
  1  1  1  2  2  2    2    2    2    6    8    9    0.165924D-03
  1  1  1  2  2  2    2    2    2    6    9    1    0.147338D-03
  1  1  1  2  2  2    2    2    2    6    9    2    0.161214D-03
  1  1  1  2  2  2    2    2    2    6    9    3    0.168350D-03
  1  1  1  2  2  2    2    2    2    6    9    4    0.151825D-03
  1  1  1  2  2  2    2    2    2    6    9    5    0.163546D-03
  1  1  1  2  2  2    2    2    2    6    9    6    0.170824D-03
  1  1  1  2  2  2    2    2    2    6    9    7    0.156449D-03
  1  1  1  2  2  2    2    2    2    6    9    8    0.165924D-03
  1  1  1  2  2  2    2    2    2    6    9    9    0.142984D-03
  1  1  1  2  2  2    2    2    2    7    1    1    0.139049D-03
  1  1  1  2  2  2    2    2    2    7    1    2    0.152144D-03
  1  1  1  2  2  2    2    2    2    7    1    3    0.158879D-03
  1  1  1  2  2  2    2    2    2    7    1    4    0.143284D-03
  1  1  1  2  2  2    2    2    2    7    1    5    0.154345D-03
  1  1  1  2  2  2    2    2    2    7    1    6    0.161214D-03
  1  1  1  2  2  2    2    2    2    7    1    7    0.147648D-03
  1  1  1  2  2  2    2    2    2    7    1    8    0.156590D-03
  1  1  1  2  2  2    2    2    2    7    1    9    0.134940D-03
  1  1  1  2  2  2    2    2    2    7    2    1    0.152144D-03
  1  1  1  2  2  2    2    2    2    7    2    2    0.166472D-03
  1  1  1  2  2  2    2    2    2    7    2    3    0.173841D-03
  1  1  1  2  2  2    2    2    2    7    2    4    0.156778D-03
  1  1  1  2  2  2    2    2    2    7    2    5    0.168881D-03
  1  1  1  2  2  2    2    2    2    7    2    6    0.176396D-03
  1  1  1  2  2  2    2    2    2    7    2    7    0.161552D-03
  1  1  1  2  2  2    2    2    2    7    2    8    0.171337D-03
  1  1  1  2  2  2    2    2    2    7    2    9    0.147648D-03
  1  1  1  2  2  2    2    2    2    7    3    1    0.158879D-03
  1  1  1  2  2  2    2    2    2    7    3    2    0.173841D-03
  1  1  1  2  2  2    2    2    2    7    3    3    0.181536D-03
  1  1  1  2  2  2    2    2    2    7    3    4    0.163718D-03
  1  1  1  2  2  2    2    2    2    7    3    5    0.176356D-03
  1  1  1  2  2  2    2    2    2    7    3    6    0.184204D-03
  1  1  1  2  2  2    2    2    2    7    3    7    0.168703D-03
  1  1  1  2  2  2    2    2    2    7    3    8    0.178921D-03
  1  1  1  2  2  2    2    2    2    7    3    9    0.154183D-03
  1  1  1  2  2  2    2    2    2    7    4    1    0.143284D-03
  1  1  1  2  2  2    2    2    2    7    4    2    0.156778D-03
  1  1  1  2  2  2    2    2    2    7    4    3    0.163718D-03
  1  1  1  2  2  2    2    2    2    7    4    4    0.147648D-03
  1  1  1  2  2  2    2    2    2    7    4    5    0.159046D-03
  1  1  1  2  2  2    2    2    2    7    4    6    0.166123D-03
  1  1  1  2  2  2    2    2    2    7    4    7    0.152144D-03
  1  1  1  2  2  2    2    2    2    7    4    8    0.161359D-03
  1  1  1  2  2  2    2    2    2    7    4    9    0.139049D-03
  1  1  1  2  2  2    2    2    2    7    5    1    0.154345D-03
  1  1  1  2  2  2    2    2    2    7    5    2    0.168881D-03
  1  1  1  2  2  2    2    2    2    7    5    3    0.176356D-03
  1  1  1  2  2  2    2    2    2    7    5    4    0.159046D-03
  1  1  1  2  2  2    2    2    2    7    5    5    0.171324D-03
  1  1  1  2  2  2    2    2    2    7    5    6    0.178948D-03
  1  1  1  2  2  2    2    2    2    7    5    7    0.163889D-03
  1  1  1  2  2  2    2    2    2    7    5    8    0.173815D-03
  1  1  1  2  2  2    2    2    2    7    5    9    0.149784D-03
  1  1  1  2  2  2    2    2    2    7    6    1    0.161214D-03
  1  1  1  2  2  2    2    2    2    7    6    2    0.176396D-03
  1  1  1  2  2  2    2    2    2    7    6    3    0.184204D-03
  1  1  1  2  2  2    2    2    2    7    6    4    0.166123D-03
  1  1  1  2  2  2    2    2    2    7    6    5    0.178948D-03
  1  1  1  2  2  2    2    2    2    7    6    6    0.186911D-03
  1  1  1  2  2  2    2    2    2    7    6    7    0.171182D-03
  1  1  1  2  2  2    2    2    2    7    6    8    0.181550D-03
  1  1  1  2  2  2    2    2    2    7    6    9    0.156449D-03
  1  1  1  2  2  2    2    2    2    7    7    1    0.147648D-03
  1  1  1  2  2  2    2    2    2    7    7    2    0.161552D-03
  1  1  1  2  2  2    2    2    2    7    7    3    0.168703D-03
  1  1  1  2  2  2    2    2    2    7    7    4    0.152144D-03
  1  1  1  2  2  2    2    2    2    7    7    5    0.163889D-03
  1  1  1  2  2  2    2    2    2    7    7    6    0.171182D-03
  1  1  1  2  2  2    2    2    2    7    7    7    0.156778D-03
  1  1  1  2  2  2    2    2    2    7    7    8    0.166273D-03
  1  1  1  2  2  2    2    2    2    7    7    9    0.143284D-03
  1  1  1  2  2  2    2    2    2    7    8    1    0.156590D-03
  1  1  1  2  2  2    2    2    2    7    8    2    0.171337D-03
  1  1  1  2  2  2    2    2    2    7    8    3    0.178921D-03
  1  1  1  2  2  2    2    2    2    7    8    4    0.161359D-03
  1  1  1  2  2  2    2    2    2    7    8    5    0.173815D-03
  1  1  1  2  2  2    2    2    2    7    8    6    0.181550D-03
  1  1  1  2  2  2    2    2    2    7    8    7    0.166273D-03
  1  1  1  2  2  2    2    2    2    7    8    8    0.176343D-03
  1  1  1  2  2  2    2    2    2    7    8    9    0.151962D-03
  1  1  1  2  2  2    2    2    2    7    9    1    0.134940D-03
  1  1  1  2  2  2    2    2    2    7    9    2    0.147648D-03
  1  1  1  2  2  2    2    2    2    7    9    3    0.154183D-03
  1  1  1  2  2  2    2    2    2    7    9    4    0.139049D-03
  1  1  1  2  2  2    2    2    2    7    9    5    0.149784D-03
  1  1  1  2  2  2    2    2    2    7    9    6    0.156449D-03
  1  1  1  2  2  2    2    2    2    7    9    7    0.143284D-03
  1  1  1  2  2  2    2    2    2    7    9    8    0.151962D-03
  1  1  1  2  2  2    2    2    2    7    9    9    0.130952D-03
  1  1  1  2  2  2    2    2    2    8    1    1    0.147471D-03
  1  1  1  2  2  2    2    2    2    8    1    2    0.161359D-03
  1  1  1  2  2  2    2    2    2    8    1    3    0.168501D-03
  1  1  1  2  2  2    2    2    2    8    1    4    0.151962D-03
  1  1  1  2  2  2    2    2    2    8    1    5    0.163693D-03
  1  1  1  2  2  2    2    2    2    8    1    6    0.170977D-03
  1  1  1  2  2  2    2    2    2    8    1    7    0.156590D-03
  1  1  1  2  2  2    2    2    2    8    1    8    0.166074D-03
  1  1  1  2  2  2    2    2    2    8    1    9    0.143112D-03
  1  1  1  2  2  2    2    2    2    8    2    1    0.161359D-03
  1  1  1  2  2  2    2    2    2    8    2    2    0.176555D-03
  1  1  1  2  2  2    2    2    2    8    2    3    0.184370D-03
  1  1  1  2  2  2    2    2    2    8    2    4    0.166273D-03
  1  1  1  2  2  2    2    2    2    8    2    5    0.179109D-03
  1  1  1  2  2  2    2    2    2    8    2    6    0.187079D-03
  1  1  1  2  2  2    2    2    2    8    2    7    0.171337D-03
  1  1  1  2  2  2    2    2    2    8    2    8    0.181713D-03
  1  1  1  2  2  2    2    2    2    8    2    9    0.156590D-03
  1  1  1  2  2  2    2    2    2    8    3    1    0.168501D-03
  1  1  1  2  2  2    2    2    2    8    3    2    0.184370D-03
  1  1  1  2  2  2    2    2    2    8    3    3    0.192531D-03
  1  1  1  2  2  2    2    2    2    8    3    4    0.173633D-03
  1  1  1  2  2  2    2    2    2    8    3    5    0.187037D-03
  1  1  1  2  2  2    2    2    2    8    3    6    0.195360D-03
  1  1  1  2  2  2    2    2    2    8    3    7    0.178921D-03
  1  1  1  2  2  2    2    2    2    8    3    8    0.189757D-03
  1  1  1  2  2  2    2    2    2    8    3    9    0.163521D-03
  1  1  1  2  2  2    2    2    2    8    4    1    0.151962D-03
  1  1  1  2  2  2    2    2    2    8    4    2    0.166273D-03
  1  1  1  2  2  2    2    2    2    8    4    3    0.173633D-03
  1  1  1  2  2  2    2    2    2    8    4    4    0.156590D-03
  1  1  1  2  2  2    2    2    2    8    4    5    0.168678D-03
  1  1  1  2  2  2    2    2    2    8    4    6    0.176184D-03
  1  1  1  2  2  2    2    2    2    8    4    7    0.161359D-03
  1  1  1  2  2  2    2    2    2    8    4    8    0.171131D-03
  1  1  1  2  2  2    2    2    2    8    4    9    0.147471D-03
  1  1  1  2  2  2    2    2    2    8    5    1    0.163693D-03
  1  1  1  2  2  2    2    2    2    8    5    2    0.179109D-03
  1  1  1  2  2  2    2    2    2    8    5    3    0.187037D-03
  1  1  1  2  2  2    2    2    2    8    5    4    0.168678D-03
  1  1  1  2  2  2    2    2    2    8    5    5    0.181700D-03
  1  1  1  2  2  2    2    2    2    8    5    6    0.189786D-03
  1  1  1  2  2  2    2    2    2    8    5    7    0.173815D-03
  1  1  1  2  2  2    2    2    2    8    5    8    0.184342D-03
  1  1  1  2  2  2    2    2    2    8    5    9    0.158855D-03
  1  1  1  2  2  2    2    2    2    8    6    1    0.170977D-03
  1  1  1  2  2  2    2    2    2    8    6    2    0.187079D-03
  1  1  1  2  2  2    2    2    2    8    6    3    0.195360D-03
  1  1  1  2  2  2    2    2    2    8    6    4    0.176184D-03
  1  1  1  2  2  2    2    2    2    8    6    5    0.189786D-03
  1  1  1  2  2  2    2    2    2    8    6    6    0.198231D-03
  1  1  1  2  2  2    2    2    2    8    6    7    0.181550D-03
  1  1  1  2  2  2    2    2    2    8    6    8    0.192546D-03
  1  1  1  2  2  2    2    2    2    8    6    9    0.165924D-03
  1  1  1  2  2  2    2    2    2    8    7    1    0.156590D-03
  1  1  1  2  2  2    2    2    2    8    7    2    0.171337D-03
  1  1  1  2  2  2    2    2    2    8    7    3    0.178921D-03
  1  1  1  2  2  2    2    2    2    8    7    4    0.161359D-03
  1  1  1  2  2  2    2    2    2    8    7    5    0.173815D-03
  1  1  1  2  2  2    2    2    2    8    7    6    0.181550D-03
  1  1  1  2  2  2    2    2    2    8    7    7    0.166273D-03
  1  1  1  2  2  2    2    2    2    8    7    8    0.176343D-03
  1  1  1  2  2  2    2    2    2    8    7    9    0.151962D-03
  1  1  1  2  2  2    2    2    2    8    8    1    0.166074D-03
  1  1  1  2  2  2    2    2    2    8    8    2    0.181713D-03
  1  1  1  2  2  2    2    2    2    8    8    3    0.189757D-03
  1  1  1  2  2  2    2    2    2    8    8    4    0.171131D-03
  1  1  1  2  2  2    2    2    2    8    8    5    0.184342D-03
  1  1  1  2  2  2    2    2    2    8    8    6    0.192546D-03
  1  1  1  2  2  2    2    2    2    8    8    7    0.176343D-03
  1  1  1  2  2  2    2    2    2    8    8    8    0.187023D-03
  1  1  1  2  2  2    2    2    2    8    8    9    0.161165D-03
  1  1  1  2  2  2    2    2    2    8    9    1    0.143112D-03
  1  1  1  2  2  2    2    2    2    8    9    2    0.156590D-03
  1  1  1  2  2  2    2    2    2    8    9    3    0.163521D-03
  1  1  1  2  2  2    2    2    2    8    9    4    0.147471D-03
  1  1  1  2  2  2    2    2    2    8    9    5    0.158855D-03
  1  1  1  2  2  2    2    2    2    8    9    6    0.165924D-03
  1  1  1  2  2  2    2    2    2    8    9    7    0.151962D-03
  1  1  1  2  2  2    2    2    2    8    9    8    0.161165D-03
  1  1  1  2  2  2    2    2    2    8    9    9    0.138883D-03
  1  1  1  2  2  2    2    2    2    9    1    1    0.127081D-03
  1  1  1  2  2  2    2    2    2    9    1    2    0.139049D-03
  1  1  1  2  2  2    2    2    2    9    1    3    0.145204D-03
  1  1  1  2  2  2    2    2    2    9    1    4    0.130952D-03
  1  1  1  2  2  2    2    2    2    9    1    5    0.141061D-03
  1  1  1  2  2  2    2    2    2    9    1    6    0.147338D-03
  1  1  1  2  2  2    2    2    2    9    1    7    0.134940D-03
  1  1  1  2  2  2    2    2    2    9    1    8    0.143112D-03
  1  1  1  2  2  2    2    2    2    9    1    9    0.123326D-03
  1  1  1  2  2  2    2    2    2    9    2    1    0.139049D-03
  1  1  1  2  2  2    2    2    2    9    2    2    0.152144D-03
  1  1  1  2  2  2    2    2    2    9    2    3    0.158879D-03
  1  1  1  2  2  2    2    2    2    9    2    4    0.143284D-03
  1  1  1  2  2  2    2    2    2    9    2    5    0.154345D-03
  1  1  1  2  2  2    2    2    2    9    2    6    0.161214D-03
  1  1  1  2  2  2    2    2    2    9    2    7    0.147648D-03
  1  1  1  2  2  2    2    2    2    9    2    8    0.156590D-03
  1  1  1  2  2  2    2    2    2    9    2    9    0.134940D-03
  1  1  1  2  2  2    2    2    2    9    3    1    0.145204D-03
  1  1  1  2  2  2    2    2    2    9    3    2    0.158879D-03
  1  1  1  2  2  2    2    2    2    9    3    3    0.165912D-03
  1  1  1  2  2  2    2    2    2    9    3    4    0.149627D-03
  1  1  1  2  2  2    2    2    2    9    3    5    0.161177D-03
  1  1  1  2  2  2    2    2    2    9    3    6    0.168350D-03
  1  1  1  2  2  2    2    2    2    9    3    7    0.154183D-03
  1  1  1  2  2  2    2    2    2    9    3    8    0.163521D-03
  1  1  1  2  2  2    2    2    2    9    3    9    0.140913D-03
  1  1  1  2  2  2    2    2    2    9    4    1    0.130952D-03
  1  1  1  2  2  2    2    2    2    9    4    2    0.143284D-03
  1  1  1  2  2  2    2    2    2    9    4    3    0.149627D-03
  1  1  1  2  2  2    2    2    2    9    4    4    0.134940D-03
  1  1  1  2  2  2    2    2    2    9    4    5    0.145357D-03
  1  1  1  2  2  2    2    2    2    9    4    6    0.151825D-03
  1  1  1  2  2  2    2    2    2    9    4    7    0.139049D-03
  1  1  1  2  2  2    2    2    2    9    4    8    0.147471D-03
  1  1  1  2  2  2    2    2    2    9    4    9    0.127081D-03
  1  1  1  2  2  2    2    2    2    9    5    1    0.141061D-03
  1  1  1  2  2  2    2    2    2    9    5    2    0.154345D-03
  1  1  1  2  2  2    2    2    2    9    5    3    0.161177D-03
  1  1  1  2  2  2    2    2    2    9    5    4    0.145357D-03
  1  1  1  2  2  2    2    2    2    9    5    5    0.156578D-03
  1  1  1  2  2  2    2    2    2    9    5    6    0.163546D-03
  1  1  1  2  2  2    2    2    2    9    5    7    0.149784D-03
  1  1  1  2  2  2    2    2    2    9    5    8    0.158855D-03
  1  1  1  2  2  2    2    2    2    9    5    9    0.136892D-03
  1  1  1  2  2  2    2    2    2    9    6    1    0.147338D-03
  1  1  1  2  2  2    2    2    2    9    6    2    0.161214D-03
  1  1  1  2  2  2    2    2    2    9    6    3    0.168350D-03
  1  1  1  2  2  2    2    2    2    9    6    4    0.151825D-03
  1  1  1  2  2  2    2    2    2    9    6    5    0.163546D-03
  1  1  1  2  2  2    2    2    2    9    6    6    0.170824D-03
  1  1  1  2  2  2    2    2    2    9    6    7    0.156449D-03
  1  1  1  2  2  2    2    2    2    9    6    8    0.165924D-03
  1  1  1  2  2  2    2    2    2    9    6    9    0.142984D-03
  1  1  1  2  2  2    2    2    2    9    7    1    0.134940D-03
  1  1  1  2  2  2    2    2    2    9    7    2    0.147648D-03
  1  1  1  2  2  2    2    2    2    9    7    3    0.154183D-03
  1  1  1  2  2  2    2    2    2    9    7    4    0.139049D-03
  1  1  1  2  2  2    2    2    2    9    7    5    0.149784D-03
  1  1  1  2  2  2    2    2    2    9    7    6    0.156449D-03
  1  1  1  2  2  2    2    2    2    9    7    7    0.143284D-03
  1  1  1  2  2  2    2    2    2    9    7    8    0.151962D-03
  1  1  1  2  2  2    2    2    2    9    7    9    0.130952D-03
  1  1  1  2  2  2    2    2    2    9    8    1    0.143112D-03
  1  1  1  2  2  2    2    2    2    9    8    2    0.156590D-03
  1  1  1  2  2  2    2    2    2    9    8    3    0.163521D-03
  1  1  1  2  2  2    2    2    2    9    8    4    0.147471D-03
  1  1  1  2  2  2    2    2    2    9    8    5    0.158855D-03
  1  1  1  2  2  2    2    2    2    9    8    6    0.165924D-03
  1  1  1  2  2  2    2    2    2    9    8    7    0.151962D-03
  1  1  1  2  2  2    2    2    2    9    8    8    0.161165D-03
  1  1  1  2  2  2    2    2    2    9    8    9    0.138883D-03
  1  1  1  2  2  2    2    2    2    9    9    1    0.123326D-03
  1  1  1  2  2  2    2    2    2    9    9    2    0.134940D-03
  1  1  1  2  2  2    2    2    2    9    9    3    0.140913D-03
  1  1  1  2  2  2    2    2    2    9    9    4    0.127081D-03
  1  1  1  2  2  2    2    2    2    9    9    5    0.136892D-03
  1  1  1  2  2  2    2    2    2    9    9    6    0.142984D-03
  1  1  1  2  2  2    2    2    2    9    9    7    0.130952D-03
  1  1  1  2  2  2    2    2    2    9    9    8    0.138883D-03
  1  1  1  2  2  2    2    2    2    9    9    9    0.119681D-03
  1  1  1  2  2  2    1    1    1    1    1    1    0.222902D-03
  1  1  1  2  2  2    1    1    1    1    1    2    0.226229D-03
  1  1  1  2  2  2    1    1    1    1    1    3    0.216315D-03
  1  1  1  2  2  2    1    1    1    1    2    1    0.226229D-03
  1  1  1  2  2  2    1    1    1    1    2    2    0.229605D-03
  1  1  1  2  2  2    1    1    1    1    2    3    0.219543D-03
  1  1  1  2  2  2    1    1    1    1    3    1    0.216315D-03
  1  1  1  2  2  2    1    1    1    1    3    2    0.219543D-03
  1  1  1  2  2  2    1    1    1    1    3    3    0.209922D-03
  1  1  1  2  2  2    1    1    1    2    1    1    0.226229D-03
  1  1  1  2  2  2    1    1    1    2    1    2    0.229605D-03
  1  1  1  2  2  2    1    1    1    2    1    3    0.219543D-03
  1  1  1  2  2  2    1    1    1    2    2    1    0.229605D-03
  1  1  1  2  2  2    1    1    1    2    2    2    0.233031D-03
  1  1  1  2  2  2    1    1    1    2    2    3    0.222819D-03
  1  1  1  2  2  2    1    1    1    2    3    1    0.219543D-03
  1  1  1  2  2  2    1    1    1    2    3    2    0.222819D-03
  1  1  1  2  2  2    1    1    1    2    3    3    0.213054D-03
  1  1  1  2  2  2    1    1    1    3    1    1    0.216315D-03
  1  1  1  2  2  2    1    1    1    3    1    2    0.219543D-03
  1  1  1  2  2  2    1    1    1    3    1    3    0.209922D-03
  1  1  1  2  2  2    1    1    1    3    2    1    0.219543D-03
  1  1  1  2  2  2    1    1    1    3    2    2    0.222819D-03
  1  1  1  2  2  2    1    1    1    3    2    3    0.213054D-03
  1  1  1  2  2  2    1    1    1    3    3    1    0.209922D-03
  1  1  1  2  2  2    1    1    1    3    3    2    0.213054D-03
  1  1  1  2  2  2    1    1    1    3    3    3    0.203717D-03
  1  1  1  2  2  2    0    0    0    1    1    1    0.243675D-03
